id,inn,half,scoreA,scoreB,ball,strk,out,b1,b2,b3,b1Idx,b2Idx,b3Idx,pCnt,pSec,pName,pHand,pType,pPow,spdK,zoneX,zoneY,startX,startY,targetX,targetY,zDist,pitchAngle,pOver,pSide,pUnder,call,balk,sH,sV,gyro,plx,plz,bSwing,bIdx,bPos,bZone,bName,bHCm,batLen,batCen,batType,bFps,bOS,bVR,hSec,rotS,rotL,shS,lgS,prepS,batSpd,ev,ldeg,sdeg,hPos,buntGrip,handDist,angVeloX,angVeloY,angVeloZ,PPosX,PPosY,PThrSpd,CName,CPosX,CPosY,CThrSpd,1BName,1BPosX,1BPosY,1BThrSpd,2BName,2BPosX,2BPosY,2BThrSpd,3BName,3BPosX,3BPosY,3BThrSpd,SSName,SSPosX,SSPosY,SSThrSpd,LFName,LFPosX,LFPosY,LFThrSpd,CFName,CFPosX,CFPosY,CFThrSpd,RFName,RFPosX,RFPosY,RFThrSpd,ltSec,lx,lz,cSec,cPos,cPlr,cx,cz,1BSafe,tag,cpSec,sb2Sec,sb3Sec,sbhSec,ass,result
1,1,1,0,0,0,0,0,0,0,0,255,255,255,0,1644.546,"눈꽃",R,0,93,140,1.335,-0.046,0.242,1.849,0.558,1.531,-36.64,13.585,49,51,0,0,0,12.187,-28.994,2.782,0,0,0,0,8,R,"Pizzallaris",167.4,85.912,0.402,0,50,W,Y,0,0,0,0,0,0,0,0,0,0,0,0,0,0,0,0,0.181,-37.368,0,"甲斐野柊太",0.205,-16.816,0,"SFIDA",-20.789,-43.714,0,"柴山犬吉",-17.015,-62.427,0,"Azuner",17.613,-50.453,0,"coder_",7.115,-65.966,0,"YukihiroD",37.467,-99.569,0,"Amellaid",-4.298,-111.583,0,"소솨소솨",-45.103,-92.254,0,0,0,0,0,0,"",0,0,0,0,1642.227,,,,0,0
2,1,1,0,0,0,1,0,0,0,0,255,255,255,1,1660.033,"눈꽃",R,28,87,140,0.788,0.638,0.255,1.938,0.264,1.871,-36.64,23.578,82,18,0,2,0,52.605,-67.664,4.865,0,0,1,0,8,R,"Pizzallaris",167.4,85.912,0.402,3,50,W,Y,1661.151,133,96,73,0,0,94,63,25.788,37.426,0.95,0,0.24,-380.587,-272.117,-39.134,0.02,-37.227,0,"甲斐野柊太",0.09,-16.857,0,"SFIDA",-20.716,-43.659,85,"柴山犬吉",-16.833,-62.728,0,"Azuner",17.657,-50.284,0,"coder_",9.721,-65.355,0,"YukihiroD",39.118,-98.951,0,"Amellaid",-7.206,-115.413,0,"소솨소솨",-45.268,-92.586,0,1660.044,-20.02,-46.728,1660.227,2,"SFIDA",-18.608,-44.544,0,0,,,,,36,1
3,1,1,0,0,0,0,1,0,0,0,255,255,255,2,1687.817,"눈꽃",R,28,93,140,-1.637,-0.465,-0.052,1.689,-0.803,1.24,-36.64,6.325,47,53,0,1,0,76.589,-91.741,7.937,0,0,0,1,3,L,"Pring__",175.7,87.36,0.485,0,50,W,Y,0,0,0,0,0,0,0,0,0,0,0,0,0,0,0,0,0.252,-37.514,0,"甲斐野柊太",-0.447,-16.953,0,"SFIDA",-19.65,-45.085,0,"柴山犬吉",-11.875,-65.637,0,"Azuner",25.13,-50.606,0,"coder_",14.564,-68.683,0,"YukihiroD",46.04,-93.345,0,"Amellaid",7.243,-117.869,0,"소솨소솨",-39.617,-95.924,0,0,0,0,0,0,"",0,0,0,0,1685.394,,,,0,0
4,1,1,0,0,1,0,1,0,0,0,255,255,255,3,1701.722,"눈꽃",R,27,89,140,-1.294,0.29,0.022,1.904,-0.678,1.661,-36.64,11.298,62,38,0,2,0,82.749,-105.095,9.148,0,0,1,1,3,L,"Pring__",175.7,87.36,0.485,3,50,W,Y,1702.56,255,130,145,85,51,145,87,29.515,33.302,-0.75,0,0.393,581.393,25.771,-65.255,0.117,-37.357,0,"甲斐野柊太",-0.242,-16.884,0,"SFIDA",-19.521,-45.087,0,"柴山犬吉",-11.961,-65.486,0,"Azuner",25.074,-50.548,0,"coder_",12.642,-66.107,0,"YukihiroD",45.997,-93.366,0,"Amellaid",7.225,-117.878,0,"소솨소솨",-41.566,-97.036,96,0,0,0,1704.127,8,"소솨소솨",-41.471,-81.342,0,0,,,,,12,1
5,1,1,0,0,0,0,2,0,0,0,255,255,255,4,1729.989,"눈꽃",R,27,89,140,-1.001,0.369,0.042,1.863,-0.569,1.725,-36.64,8.415,57,43,0,2,0,110.794,-124.792,9.458,0,0,1,2,9,L,"-Alta-",190,84,0.479,3,50,W,Y,1730.749,255,68,118,128,8,145,91,92.834,82.659,-0.8,0,0.504,256.586,-80.91,-6.762,0.191,-37.194,0,"甲斐野柊太",-0.192,-16.951,0,"SFIDA",-19.912,-44.366,0,"柴山犬吉",-12.219,-65.342,0,"Azuner",25.987,-51.582,0,"coder_",14.322,-66.581,0,"YukihiroD",41.812,-90.144,0,"Amellaid",12.758,-113.228,0,"소솨소솨",-42.712,-95.164,0,0,0,0,0,0,"",0,0,0,0,,,,,4,3
6,1,1,0,0,0,1,2,0,0,0,255,255,255,5,1749.844,"눈꽃",R,26,84,136,-0.513,1.211,0.085,2.006,-0.384,2.222,-36.64,18.951,83,17,0,2,0,111.389,-154.72,10.884,0,0,1,2,9,L,"-Alta-",190,84,0.479,3,57,W,Y,1750.65,255,142,109,89,16,145,111,95.018,84.955,0.89,0,0.613,103.37,207.289,-0.976,0.263,-37.198,0,"甲斐野柊太",-0.221,-16.899,0,"SFIDA",-20.118,-43.698,0,"柴山犬吉",-12.236,-65.372,0,"Azuner",25.97,-51.676,0,"coder_",13.436,-66.475,0,"YukihiroD",43.242,-89.184,0,"Amellaid",12.716,-113.671,0,"소솨소솨",-44.212,-92.595,0,0,0,0,0,0,"",0,0,0,0,,,,,4,3
7,1,1,0,0,0,2,2,0,0,0,255,255,255,6,1767.14,"눈꽃",R,27,97,140,-0.624,-0.548,0.015,1.624,-0.39,1.162,-36.64,10.227,51,49,0,0,0,85.688,-115.207,6.1,0,0,0,2,9,L,"-Alta-",190,84,0.479,0,58,W,Y,0,0,0,0,0,0,0,0,0,0,0,0,0,0,0,0,1.058,-36.315,0,"甲斐野柊太",-0.04,-17.246,0,"SFIDA",-19.798,-42.108,0,"柴山犬吉",-12.213,-65.262,0,"Azuner",26.232,-51.601,0,"coder_",15.41,-68.608,0,"YukihiroD",44.269,-89.05,0,"Amellaid",9.283,-113.852,0,"소솨소솨",-42.831,-85.947,0,0,0,0,0,0,"",0,0,0,0,1764.527,,,,0,0
8,1,0,0,0,0,0,0,0,0,0,255,255,255,0,2019.76,"Pugeuk",R,29,86,139,0.436,1.164,0.312,1.692,0.523,2.168,-36.594,21.774,93,7,0,1,0,-250,-91.288,14.146,0,0,0,0,5,R,"coder_",170,80,0.299,0,48,W,Y,0,0,0,0,0,0,0,0,0,0,0,0,0,0,0,0,0.255,-37.764,0,"HalF_HearteD",0.011,-16.853,0,"ame_3",-20.758,-44.472,0,"Pring__",-14.414,-58.81,0,"bdg06213",18.084,-46.888,0,"Rite_",9.498,-63.72,0,"alcohol500",33.915,-103.365,0,"紅さかな",-8.634,-116.745,0,"Pizzallaris",-44.093,-99.366,0,0,0,0,0,0,"",0,0,0,0,2017.194,,,,0,0
9,1,0,0,0,1,0,0,0,0,0,255,255,255,1,2036.648,"Pugeuk",R,29,83,134,1.916,-0.508,0.438,1.42,1.107,1.182,-36.594,27.598,52,48,0,1,0,-199.773,-135.599,15.994,0,0,0,0,5,R,"coder_",170,80,0.299,0,48,W,Y,0,0,0,0,0,0,0,0,0,0,0,0,0,0,0,0,0.448,-37.466,0,"HalF_HearteD",0.025,-16.92,0,"ame_3",-20.769,-44.511,0,"Pring__",-14.371,-58.695,0,"bdg06213",18.112,-47.511,0,"Rite_",10.052,-64.012,0,"alcohol500",35.642,-102.911,0,"紅さかな",-7.43,-116.757,0,"Pizzallaris",-44.093,-99.362,0,0,0,0,0,0,"",0,0,0,0,2034.094,,,,0,0
10,1,0,0,0,2,0,0,0,0,0,255,255,255,2,2054.539,"Pugeuk",R,29,83,135,0.286,0.725,0.276,1.616,0.353,1.894,-36.594,20.772,55,45,0,0,0,-167.153,-116.485,5.428,0,0,1,0,5,R,"coder_",170,80,0.299,0,48,W,Y,0,0,0,0,0,0,0,0,0,0,0,0,0,0,0,0,0.001,-37.687,0,"HalF_HearteD",-0.026,-16.949,0,"ame_3",-20.869,-44.553,0,"Pring__",-14.403,-58.72,0,"bdg06213",18.144,-47.563,0,"Rite_",10.061,-63.986,0,"alcohol500",34.122,-105.164,0,"紅さかな",-7.458,-116.725,0,"Pizzallaris",-44.09,-99.36,0,0,0,0,0,0,"",0,0,0,0,2052.01,,,,0,0
11,1,0,0,0,2,1,0,0,0,0,255,255,255,3,2078.271,"Pugeuk",R,29,88,140,0.598,-0.222,0.314,1.48,0.533,1.401,-36.594,16.674,56,44,0,2,0,-207.737,-82.16,12.403,0,0,1,0,5,R,"coder_",170,80,0.299,3,47,W,Y,2079.336,127,41,91,33,23,137,104,26.011,44.392,0.85,0,0.176,253.797,227.801,-415.755,0.196,-37.188,0,"HalF_HearteD",0.052,-16.982,0,"ame_3",-20.823,-44.535,0,"Pring__",-14.375,-58.669,0,"bdg06213",18.574,-47.073,0,"Rite_",10.346,-64.47,0,"alcohol500",37.489,-100.817,0,"紅さかな",-7.313,-116.817,0,"Pizzallaris",-44.134,-99.221,104,2080.527,-70.33,-85.493,2082.41,8,"Pizzallaris",-73.986,-89.584,0,0,,,,,1,2
12,1,0,0,0,2,2,0,0,0,0,255,255,255,4,2110.529,"Pugeuk",R,26,89,140,1.385,0.021,0.319,1.487,0.553,1.425,-36.594,17.539,42,56,1,0,0,29.579,-200,19.693,0,0,1,0,5,R,"coder_",170,80,0.299,0,47,W,Y,0,0,0,0,0,0,0,0,0,0,0,0,0,0,0,0,0.272,-37.004,0,"HalF_HearteD",0.003,-16.779,0,"ame_3",-20.898,-43.512,0,"Pring__",-14.37,-58.28,0,"bdg06213",17.139,-47.774,0,"Rite_",8.842,-64.63,0,"alcohol500",34.579,-103.321,0,"紅さかな",-10.289,-116.085,0,"Pizzallaris",-47.892,-97.353,0,0,0,0,0,0,"",0,0,0,0,2107.96,,,,0,0
13,1,0,0,0,0,0,1,0,0,0,255,255,255,5,2134.819,"Pugeuk",R,29,90,140,-0.873,0.371,0.172,1.587,-0.131,1.774,-36.594,21.586,57,43,0,0,0,-216.042,-83.613,8.403,0,0,0,1,4,L,"Azuner",190,80,0.348,0,47,W,Y,0,0,0,0,0,0,0,0,0,0,0,0,0,0,0,0,0.299,-36.909,0,"HalF_HearteD",-0.172,-16.874,0,"ame_3",-20.703,-45.679,0,"Pring__",-6.31,-63.971,0,"bdg06213",20.115,-46.164,0,"Rite_",13.973,-63.585,0,"alcohol500",50.628,-102.584,0,"紅さかな",7.116,-122.207,0,"Pizzallaris",-38.753,-108.322,0,0,0,0,0,0,"",0,0,0,0,2132.194,,,,0,0
14,1,0,0,0,0,1,1,0,0,0,255,255,255,6,2153.092,"Pugeuk",R,29,86,140,-0.82,-0.335,0.183,1.448,-0.081,1.323,-36.594,22.045,58,42,0,0,0,-207.773,-94.706,15.11,0,0,0,1,4,L,"Azuner",190,80,0.348,0,47,W,Y,0,0,0,0,0,0,0,0,0,0,0,0,0,0,0,0,0.441,-36.948,0,"HalF_HearteD",-0.126,-16.921,0,"ame_3",-20.739,-45.658,0,"Pring__",-9.226,-65.195,0,"bdg06213",19.716,-46.444,0,"Rite_",14.016,-63.632,0,"alcohol500",49.735,-103.424,0,"紅さかな",7.249,-122.222,0,"Pizzallaris",-38.749,-108.312,0,0,0,0,0,0,"",0,0,0,0,2150.36,,,,0,0
15,1,0,0,0,0,2,1,0,0,0,255,255,255,7,2172.723,"Pugeuk",R,29,84,137,-0.232,0.398,0.251,1.582,0.239,1.756,-36.594,26.989,57,43,0,0,0,-250,-120.235,13.315,0,0,1,1,4,L,"Azuner",190,80,0.348,0,47,W,Y,0,0,0,0,0,0,0,0,0,0,0,0,0,0,0,0,0.341,-36.837,0,"HalF_HearteD",-0.097,-16.905,0,"ame_3",-20.746,-45.618,0,"Pring__",-6.414,-64.969,0,"bdg06213",19.546,-45.491,0,"Rite_",14.025,-63.581,0,"alcohol500",49.732,-103.493,0,"紅さかな",6.55,-122.097,0,"Pizzallaris",-38.756,-108.318,0,0,0,0,0,0,"",0,0,0,0,2170.127,,,,0,0
16,1,0,0,0,0,0,2,0,0,0,255,255,255,8,2198.949,"Pugeuk",R,26,84,136,-3.098,-1.159,-0.067,1.268,-1.244,0.742,-36.594,15.361,44,56,0,1,0,-74.373,-165.758,18.408,0,0,0,2,0,L,"눈꽃",190,85,0.597,0,46,W,Y,0,0,0,0,0,0,0,0,0,0,0,0,0,0,0,0,-0.239,-37.678,0,"HalF_HearteD",-0.179,-16.742,0,"ame_3",-20.848,-46.086,0,"Pring__",-13.246,-62.768,0,"bdg06213",20.191,-46.228,0,"Rite_",13.778,-63.406,0,"alcohol500",45.741,-103.615,0,"紅さかな",0.727,-120.595,0,"Pizzallaris",-45.907,-105.019,0,0,0,0,0,0,"",0,0,0,0,2196.127,,,,0,0
17,1,0,0,0,1,0,2,0,0,0,255,255,255,9,2215.642,"Pugeuk",R,30,92,140,0.606,-1.087,0.296,1.301,0.447,0.847,-36.594,32.757,47,53,0,1,0,-143.73,-101.075,22.559,0,0,0,2,0,L,"눈꽃",190,85,0.597,0,46,W,Y,0,0,0,0,0,0,0,0,0,0,0,0,0,0,0,0,0.31,-37.015,0,"HalF_HearteD",-0.148,-16.883,0,"ame_3",-20.831,-46.11,0,"Pring__",-13.956,-62.891,0,"bdg06213",20.248,-46.075,0,"Rite_",13.788,-63.386,0,"alcohol500",47.275,-102.294,0,"紅さかな",0.215,-120.682,0,"Pizzallaris",-45.905,-104.998,0,0,0,0,0,0,"",0,0,0,0,2212.894,,,,0,0
18,1,0,0,0,2,0,2,0,0,0,255,255,255,10,2235.203,"Pugeuk",R,29,89,140,4.338,2.927,0.082,1.479,-0.55,1.425,-36.594,11.362,56,44,0,2,0,-250,-127.544,16.548,0,0,1,2,0,L,"눈꽃",190,85,0.597,3,46,W,Y,2236.127,255,116,79,98,40,145,93,-18.508,17.178,-0.68,0,0.416,-457.618,-92.225,99.899,-0.137,-37.072,0,"HalF_HearteD",-0.207,-16.971,0,"ame_3",-20.749,-46.058,0,"Pring__",-14.016,-62.825,108,"bdg06213",20.218,-46.441,0,"Rite_",13.796,-63.273,0,"alcohol500",48.314,-102.531,0,"紅さかな",0.424,-120.928,0,"Pizzallaris",-45.9,-105.009,0,2232.177,-1.193,-22.727,2234.91,-1,"magimari",-11.779,-57.729,0,0,,,,,70,2
19,2,1,0,0,0,0,0,0,0,0,255,255,255,7,2312.331,"눈꽃",R,13,71,111,-2.524,-0.266,0.143,1.846,-0.5,1.803,-36.64,5.933,56,44,0,2,0,-381.586,323.097,9.122,0,0,1,3,4,R,"bdg06213",189.9,80,0.502,3,46,W,Y,2313.514,255,136,132,98,74,145,112,7.247,36.505,0.1,0,0.341,363.835,-418.807,116.532,0.216,-37.302,0,"甲斐野柊太",-0.775,-16.807,0,"SFIDA",-20.625,-43.558,65,"柴山犬吉",-16.132,-62.708,0,"Azuner",20.121,-50.947,0,"coder_",9.858,-65.974,0,"YukihiroD",35.484,-90.912,0,"Amellaid",-5.472,-112.864,0,"소솨소솨",-49.174,-92.739,90,2311.177,-29.888,-63.535,2312.877,8,"소솨소솨",-43.028,-82.72,1,0,,,,,44,2
20,2,1,0,0,0,0,0,1,0,0,4,255,255,8,2342.578,"눈꽃",R,28,85,137,0.137,-0.421,0.145,1.713,-0.02,1.27,-36.64,14.529,28,72,0,0,0,61.552,-77.015,6.517,0,0,0,4,1,R,"HalF_HearteD",190,82,0.3,0,45,W,Y,0,0,0,0,0,0,0,0,0,0,0,0,0,0,0,0,0.336,-37.384,0,"甲斐野柊太",0.016,-16.805,0,"SFIDA",-19.617,-42.074,0,"柴山犬吉",-14.892,-60.159,0,"Azuner",19.954,-51.152,0,"coder_",5.823,-63.376,0,"YukihiroD",31.932,-92.594,0,"Amellaid",-7.273,-110.151,0,"소솨소솨",-45.366,-87.305,0,0,0,0,0,0,"",0,0,0,0,2339.727,,,,0,0
21,2,1,0,0,0,1,0,1,0,0,4,255,255,9,2358.105,"눈꽃",R,28,82,134,1.408,-0.271,0.229,1.723,0.53,1.363,-36.64,12.863,28,72,0,2,0,53.102,-76.44,8.003,0,0,0,4,1,R,"HalF_HearteD",190,82,0.3,3,45,W,Y,2359.139,231,132,98,117,68,145,91,26.516,32.542,-0.76,0,0.18,127.439,205.07,45.882,0.25,-37.317,0,"甲斐野柊太",0.214,-16.94,0,"SFIDA",-20.013,-41.866,75,"柴山犬吉",-14.845,-60.15,0,"Azuner",19.856,-51.175,0,"coder_",7.294,-61.974,0,"YukihiroD",31.927,-92.609,0,"Amellaid",-7.364,-110.18,0,"소솨소솨",-48.184,-92.389,118,2359.277,-43.764,-82.526,2359.327,8,"소솨소솨",-41.969,-80.178,0,0,,,,,44,1
22,2,1,0,0,0,0,1,1,0,0,4,255,255,10,2387.142,"눈꽃",R,28,84,136,1.275,0.343,0.234,1.76,0.476,1.722,-36.64,23.297,36,64,0,2,0,59.031,-69.593,5.168,0,0,1,5,7,R,"紅さかな",172.5,86,0.402,0,45,W,Y,2388.166,169,92,51,85,36,135,76,-0.316,-28.064,-1,0,0.181,50.752,-438.291,34.4,0.326,-37.202,0,"甲斐野柊太",0.073,-16.902,0,"SFIDA",-18.91,-42.461,76,"柴山犬吉",-14.835,-59.89,103,"Azuner",19.56,-51.388,120,"coder_",7.976,-64.853,0,"YukihiroD",31.426,-92.792,0,"Amellaid",-7.736,-110.895,0,"소솨소솨",-45.991,-92.389,0,2384.427,6.604,-31.275,2385.861,4,"Azuner",15.551,-46.745,1,0,,2394.022,,,166,2
23,2,1,0,0,0,0,2,1,0,0,7,255,255,11,2414.536,"눈꽃",R,3,68,110,-2.199,0.325,0.214,1.965,-0.373,2.076,-36.64,32.925,28,72,0,2,0,-369.668,233.183,14.836,0,0,1,6,2,L,"ame_3",190,80,0.23,3,45,W,Y,2415.49,255,125,133,125,64,145,88,28.091,12.013,-0.92,0,0.277,493.969,255.215,-142.632,0.193,-37.212,120,"甲斐野柊太",-0.355,-16.989,120,"SFIDA",-19.858,-41.629,0,"柴山犬吉",-12.226,-64.986,85,"Azuner",23.817,-50.22,0,"coder_",12.24,-64.684,0,"YukihiroD",38.581,-87.891,0,"Amellaid",7.495,-113.775,95,"소솨소솨",-46.464,-93.418,0,2415.894,-19.716,-92.98,2418.094,7,"Amellaid",-24.578,-107.93,1,0,2427.677,2420.217,2424.948,2433.128,404,2
24,2,1,1,0,0,0,2,0,1,0,255,2,255,12,2459.189,"눈꽃",R,34,81,132,1.74,-0.794,0.221,1.842,0.158,1.646,-36.64,20.856,36,64,0,2,0,82.016,-78.494,7.422,0,0,1,7,5,R,"Rite_",170,80,0.455,3,45,W,Y,2460.237,236,181,70,87,43,144,84,56.637,-38.234,-0.8,0,0.397,520.772,258.958,-147.434,0.17,-37.138,0,"甲斐野柊太",0.088,-16.964,0,"SFIDA",-20.211,-43.736,0,"柴山犬吉",-16.506,-62.686,0,"Azuner",19.639,-50.525,0,"coder_",8.918,-63.54,0,"YukihiroD",32.379,-95.344,0,"Amellaid",-4.913,-111.349,0,"소솨소솨",-46.653,-94.809,0,0,0,0,2461.127,4,"Azuner",32.407,-61.694,0,0,,,2466.124,,2,1
25,2,0,1,0,0,0,0,0,0,0,255,255,255,11,2516.554,"Pugeuk",R,26,91,140,1.171,-0.671,0.341,1.361,0.658,1.027,-36.594,18.876,49,51,0,0,0,-134.304,-200,11.004,0,0,0,3,8,R,"소솨소솨",185.4,80,0.396,0,45,W,Y,0,0,0,0,0,0,0,0,0,0,0,0,0,0,0,0,0.364,-36.695,0,"HalF_HearteD",0.105,-16.765,0,"ame_3",-20.262,-44.545,0,"Pring__",-12.079,-61.854,0,"bdg06213",18.161,-47.404,0,"Rite_",11.273,-61.302,0,"alcohol500",44.061,-102.39,0,"紅さかな",-1.205,-117.939,0,"Pizzallaris",-42.824,-101.206,0,0,0,0,0,0,"",0,0,0,0,2512.877,,,,0,0
26,2,0,1,0,0,1,0,0,0,0,255,255,255,12,2533.435,"Pugeuk",R,26,87,140,0.608,-1.817,0.279,1.162,0.366,0.366,-36.594,23.644,49,51,0,1,0,-84.059,-157.415,29.211,0,0,0,3,8,R,"소솨소솨",185.4,80,0.396,0,45,W,Y,0,0,0,0,0,0,0,0,0,0,0,0,0,0,0,0,0.252,-37.179,0,"HalF_HearteD",0.056,-16.789,0,"ame_3",-20.291,-44.551,0,"Pring__",-12.239,-62.392,0,"bdg06213",18.134,-47.404,0,"Rite_",11.276,-61.262,0,"alcohol500",44.116,-102.626,0,"紅さかな",-1.128,-117.987,0,"Pizzallaris",-42.795,-101.216,0,0,0,0,0,0,"",0,0,0,0,2529.744,,,,0,0
27,2,0,1,0,1,1,0,0,0,0,255,255,255,13,2552.255,"Pugeuk",R,26,86,139,0.976,-0.031,0.301,1.491,0.472,1.459,-36.594,16.617,47,53,0,2,0,-40.804,-151.572,7.868,0,0,1,3,8,R,"소솨소솨",185.4,80,0.396,3,45,W,Y,2553.286,176,84,95,53,30,145,123,-30,46.587,0.76,0,0.516,-115.652,401.237,49.862,0.222,-37.019,0,"HalF_HearteD",0.021,-16.861,0,"ame_3",-20.298,-44.522,0,"Pring__",-13.204,-63.081,0,"bdg06213",18.045,-47.486,0,"Rite_",11.3,-61.129,0,"alcohol500",45.285,-102.071,0,"紅さかな",-0.751,-117.33,0,"Pizzallaris",-42.822,-101.159,0,2548.377,-1.522,-20.212,0,0,"",0,0,0,0,,,,,0,3
28,2,0,1,0,1,2,0,0,0,0,255,255,255,14,2572.888,"Pugeuk",R,26,81,132,0.782,2.013,0.27,1.851,0.324,2.653,-36.594,25.86,83,16,1,2,0,5.943,-200,14.823,0,0,1,3,8,R,"소솨소솨",185.4,80,0.396,3,48,W,Y,2573.909,110,67,55,25,16,119,119,99.611,-78.114,0.49,0,0.733,144.593,371.561,-180.986,-0.031,-37.101,0,"HalF_HearteD",-0.114,-16.788,0,"ame_3",-20.874,-44.264,0,"Pring__",-13.224,-63.769,0,"bdg06213",17.334,-47.9,0,"Rite_",10.218,-61.412,0,"alcohol500",46.227,-99.581,0,"紅さかな",-1.142,-117.478,0,"Pizzallaris",-41.036,-101.095,0,0,0,0,0,0,"",0,0,0,0,,,,,0,3
29,2,0,1,0,1,2,0,0,0,0,255,255,255,15,2592.907,"Pugeuk",R,26,82,134,1.528,1.558,0.34,1.771,0.651,2.389,-36.594,27.555,89,8,3,4,0,2.822,-188.936,16.436,0,0,1,3,8,R,"소솨소솨",185.4,80,0.396,0,48,W,Y,0,0,0,0,0,0,0,0,0,0,0,0,0,0,0,0,0.162,-37.265,0,"HalF_HearteD",0.048,-16.941,0,"ame_3",-20.657,-44.42,0,"Pring__",-16.476,-59.956,0,"bdg06213",17.361,-47.198,0,"Rite_",10.693,-61.224,0,"alcohol500",45.985,-100.166,0,"紅さかな",-3.36,-118.861,0,"Pizzallaris",-40.648,-101.267,0,0,0,0,0,0,"",0,0,0,0,2589.177,,,,0,0
30,2,0,1,0,0,0,1,0,0,0,255,255,255,16,2624.698,"Pugeuk",R,26,76,126,-1.525,1.382,0.088,1.749,-0.522,2.3,-36.594,28.129,91,9,0,1,0,-108.801,-185.652,2.864,0,0,0,4,1,L,"甲斐野柊太",190,80,0.2,0,44,W,Y,0,0,0,0,0,0,0,0,0,0,0,0,0,0,0,0,0.004,-37.294,0,"HalF_HearteD",-0.122,-16.666,0,"ame_3",-21.32,-46.135,0,"Pring__",-9.344,-63.312,0,"bdg06213",20.558,-46.909,0,"Rite_",14.342,-63.836,0,"alcohol500",46.534,-100.67,0,"紅さかな",0.13,-119.182,0,"Pizzallaris",-43.716,-103.95,0,0,0,0,0,0,"",0,0,0,0,2621.061,,,,0,0
31,2,0,1,0,1,0,1,0,0,0,255,255,255,17,2644.765,"Pugeuk",R,26,83,134,-1.041,-0.036,0.136,1.477,-0.299,1.418,-36.594,19.333,57,43,0,0,0,-110.556,-193.89,8.969,0,0,0,4,1,L,"甲斐野柊太",190,80,0.2,0,44,W,Y,0,0,0,0,0,0,0,0,0,0,0,0,0,0,0,0,0.373,-36.754,0,"HalF_HearteD",-0.137,-16.841,0,"ame_3",-21.267,-46.174,0,"Pring__",-8.869,-62.852,0,"bdg06213",20.684,-47.167,0,"Rite_",14.355,-63.853,0,"alcohol500",49.213,-99.957,0,"紅さかな",0.083,-118.435,0,"Pizzallaris",-42.187,-107.558,0,0,0,0,0,0,"",0,0,0,0,2641.044,,,,0,0
32,2,0,1,0,1,1,1,0,0,0,255,255,255,18,2664.546,"Pugeuk",R,27,71,123,-0.206,0.959,0.164,1.687,-0.166,2.098,-36.594,37.142,86,12,2,0,0,44.653,-125.015,2.998,0,0,1,4,1,L,"甲斐野柊太",190,80,0.2,0,44,W,Y,0,0,0,0,0,0,0,0,0,0,0,0,0,0,0,0,0.264,-37.358,0,"HalF_HearteD",-0.158,-16.749,0,"ame_3",-21.438,-45.799,0,"Pring__",-13.971,-59.183,0,"bdg06213",19.685,-46.583,0,"Rite_",14.353,-63.824,0,"alcohol500",45.489,-101.012,0,"紅さかな",0.008,-118.472,0,"Pizzallaris",-42.18,-107.546,0,0,0,0,0,0,"",0,0,0,0,2660.877,,,,0,0
33,2,0,1,0,1,2,1,0,0,0,255,255,255,19,2686.912,"Pugeuk",R,29,78,128,-0.079,-0.752,0.25,1.363,0.231,1.048,-36.594,34.639,50,50,0,0,0,-179.924,-98.747,13.42,0,0,0,4,1,L,"甲斐野柊太",190,80,0.2,0,26,W,Y,0,0,0,0,0,0,0,0,0,0,0,0,0,0,0,0,0.05,-37.388,0,"HalF_HearteD",-0.156,-16.698,0,"ame_3",-21.378,-45.579,0,"Pring__",-10.711,-59.358,0,"bdg06213",19.684,-46.06,0,"Rite_",14.318,-63.883,0,"alcohol500",44.809,-100.563,0,"紅さかな",0.026,-118.379,0,"Pizzallaris",-42.174,-107.539,0,0,0,0,0,0,"",0,0,0,0,2683.194,,,,0,0
34,2,0,1,0,0,0,2,0,0,0,255,255,255,20,2712.283,"Pugeuk",R,29,90,140,-0.491,-0.533,0.196,1.403,-0.018,1.176,-36.594,26.44,51,49,0,0,0,-171.068,-123.538,12.283,0,0,0,5,2,L,"SFIDA",189.4,80,0.2,0,43,W,Y,0,0,0,0,0,0,0,0,0,0,0,0,0,0,0,0,-0.026,-36.996,0,"HalF_HearteD",-0.128,-16.817,0,"ame_3",-21.483,-46.141,0,"Pring__",-13.146,-63.392,0,"bdg06213",20.621,-47.946,0,"Rite_",14.634,-63.399,0,"alcohol500",44.425,-100.179,0,"紅さかな",0.354,-118.034,0,"Pizzallaris",-42.179,-107.553,0,0,0,0,0,0,"",0,0,0,0,2708.227,,,,0,0
35,2,0,1,0,0,1,2,0,0,0,255,255,255,21,2746.368,"Pugeuk",R,26,90,140,1.061,-1.156,0.339,1.27,0.646,0.745,-36.594,37.598,47,53,0,1,0,-143.683,-172.94,20.376,0,0,0,5,2,L,"SFIDA",189.4,80,0.2,0,45,W,Y,0,0,0,0,0,0,0,0,0,0,0,0,0,0,0,0,0.452,-36.785,0,"HalF_HearteD",-0.199,-16.864,0,"ame_3",-21.376,-46.071,0,"Pring__",-12.164,-64.13,0,"bdg06213",20.448,-47.173,0,"Rite_",15.012,-63.103,0,"alcohol500",46.348,-99.425,0,"紅さかな",0.171,-118.331,0,"Pizzallaris",-42.589,-107.354,0,0,0,0,0,0,"",0,0,0,0,2742.361,,,,0,0
36,2,0,1,0,1,1,2,0,0,0,255,255,255,22,2767.954,"Pugeuk",R,26,83,135,-0.987,0.645,0.143,1.618,-0.263,1.874,-36.594,23.986,50,50,0,2,0,-120.623,-160.409,3.995,0,0,1,5,2,L,"SFIDA",189.4,80,0.2,3,45,W,Y,2768.901,255,103,91,55,40,145,89,26.758,26.855,-0.88,0,0.573,341.335,447.415,-86.59,0.242,-36.949,0,"HalF_HearteD",-0.225,-16.984,0,"ame_3",-21.483,-46.046,0,"Pring__",-12.109,-64.013,0,"bdg06213",19.718,-46.114,0,"Rite_",14.989,-62.967,0,"alcohol500",44.808,-102.138,0,"紅さかな",0.174,-118.258,0,"Pizzallaris",-42.445,-107.343,101,2768.611,-42.859,-86.887,2768.76,8,"Pizzallaris",-41.78,-85.496,0,0,,,,,5,1
37,3,1,1,0,0,0,0,0,0,0,255,255,255,13,2823.329,"눈꽃",R,27,89,140,-0.344,1.181,0.137,1.976,-0.276,2.115,-36.64,20.888,86,14,0,1,0,103.147,-129.141,10.28,0,0,0,8,6,L,"alcohol500",167.9,90.002,0.398,0,43,W,Y,0,0,0,0,0,0,0,0,0,0,0,0,0,0,0,0,0.398,-37.176,0,"甲斐野柊太",-0.207,-16.994,0,"SFIDA",-20.522,-43.305,0,"柴山犬吉",-11.812,-64.976,0,"Azuner",23.814,-49.269,0,"coder_",13.747,-64.754,0,"YukihiroD",38.593,-88.34,0,"Amellaid",3.938,-110.365,0,"소솨소솨",-43.014,-88.985,0,0,0,0,0,0,"",0,0,0,0,2818.944,,,,0,0
38,3,1,1,0,1,0,0,0,0,0,255,255,255,14,2837.696,"눈꽃",R,27,95,140,-1.533,-0.47,0,1.734,-0.823,1.208,-36.64,0.913,48,52,0,1,0,113.373,-122.021,11.277,0,0,0,8,6,L,"alcohol500",167.9,90.002,0.398,0,43,W,Y,0,0,0,0,0,0,0,0,0,0,0,0,0,0,0,0,0.186,-37.458,0,"甲斐野柊太",-0.227,-17.007,0,"SFIDA",-20.314,-43.31,0,"柴山犬吉",-11.786,-65.006,0,"Azuner",23.814,-49.296,0,"coder_",13.754,-64.624,0,"YukihiroD",41.115,-90.166,0,"Amellaid",3.928,-110.517,0,"소솨소솨",-42.983,-89.117,0,0,0,0,0,0,"",0,0,0,0,2833.26,,,,0,0
39,3,1,1,0,2,0,0,0,0,0,255,255,255,15,2851.524,"눈꽃",R,28,83,135,1.6,-1.087,0.256,1.619,0.622,0.911,-36.64,17.751,42,58,0,1,0,47.296,-74.21,4.886,0,0,0,8,6,L,"alcohol500",167.9,90.002,0.398,0,43,W,Y,0,0,0,0,0,0,0,0,0,0,0,0,0,0,0,0,0.268,-37.513,0,"甲斐野柊太",0.158,-17.138,0,"SFIDA",-20.194,-43.355,0,"柴山犬吉",-11.762,-64.988,0,"Azuner",23.825,-49.255,0,"coder_",13.509,-64.867,0,"YukihiroD",40.851,-90.343,0,"Amellaid",3.96,-110.981,0,"소솨소솨",-43.043,-89.059,0,0,0,0,0,0,"",0,0,0,0,2847.094,,,,0,0
40,3,1,1,0,3,0,0,0,0,0,255,255,255,16,2865.775,"눈꽃",R,27,88,140,-0.458,-0.059,0.091,1.786,-0.323,1.443,-36.64,14.327,48,52,0,0,0,88.397,-114.848,6.71,0,0,0,8,6,L,"alcohol500",167.9,90.002,0.398,0,43,W,Y,0,0,0,0,0,0,0,0,0,0,0,0,0,0,0,0,0.281,-37.497,0,"甲斐野柊太",-0.144,-16.984,0,"SFIDA",-20.078,-43.126,0,"柴山犬吉",-11.733,-65.037,0,"Azuner",23.807,-49.271,0,"coder_",13.352,-64.896,0,"YukihiroD",40.847,-90.341,0,"Amellaid",3.675,-111.134,0,"소솨소솨",-42.819,-89.115,0,0,0,0,0,0,"",0,0,0,0,2861.294,,,,0,0
41,3,1,1,0,3,1,0,0,0,0,255,255,255,17,2879.421,"눈꽃",R,28,85,138,-0.588,0.216,0.029,1.79,-0.361,1.623,-36.64,1.036,46,54,0,0,0,74.78,-86.823,10.315,0,0,0,8,6,L,"alcohol500",167.9,90.002,0.398,0,43,W,Y,0,0,0,0,0,0,0,0,0,0,0,0,0,0,0,0,0.456,-37.537,0,"甲斐野柊太",-0.18,-17.09,0,"SFIDA",-20.041,-43.103,0,"柴山犬吉",-12.028,-65.093,0,"Azuner",23.82,-49.29,0,"coder_",13.063,-65.119,0,"YukihiroD",41.125,-90.628,0,"Amellaid",3.669,-111.145,0,"소솨소솨",-42.92,-89.045,0,0,0,0,0,0,"",0,0,0,0,2875.044,,,,0,0
42,3,1,1,0,3,2,0,0,0,0,255,255,255,18,2892.661,"눈꽃",R,28,93,140,0.636,-0.863,0.19,1.675,0.183,1.041,-36.64,16.231,34,66,0,0,0,64.458,-71.177,4.858,0,0,1,8,6,L,"alcohol500",167.9,90.002,0.398,0,43,W,Y,0,0,0,0,0,0,0,0,0,0,0,0,0,0,0,0,0.411,-37.558,0,"甲斐野柊太",0.306,-17.249,0,"SFIDA",-20.093,-41.159,0,"柴山犬吉",-12.014,-65.12,0,"Azuner",23.906,-49.233,0,"coder_",13.563,-64.71,0,"YukihiroD",40.897,-90.285,0,"Amellaid",3.65,-111.131,0,"소솨소솨",-42.857,-89.134,0,0,0,0,0,0,"",0,0,0,0,2888.244,,,,0,0
43,3,1,1,0,0,0,1,0,0,0,255,255,255,19,2914.422,"눈꽃",R,13,69,111,-0.347,-0.556,0.252,1.873,0.161,1.875,-36.64,5.257,70,30,0,0,0,-174.252,400,15.726,0,0,0,0,8,R,"Pizzallaris",167.4,85.912,0.402,0,42,W,Y,0,0,0,0,0,0,0,0,0,0,0,0,0,0,0,0,0.247,-37.569,0,"甲斐野柊太",-0.386,-17.091,0,"SFIDA",-20.177,-43.399,0,"柴山犬吉",-16.387,-62.818,0,"Azuner",17.587,-50.689,0,"coder_",5.771,-66.712,0,"YukihiroD",27.729,-91.691,0,"Amellaid",-10.659,-110.538,0,"소솨소솨",-50.58,-92.821,0,0,0,0,0,0,"",0,0,0,0,2910.21,,,,0,0
44,3,1,1,0,0,1,1,0,0,0,255,255,255,20,2927.52,"눈꽃",R,28,82,133,1.288,0.48,0.222,1.826,0.501,1.751,-36.64,15.564,49,51,0,2,0,36.94,-99.015,7.409,0,0,1,0,8,R,"Pizzallaris",167.4,85.912,0.402,3,42,W,Y,2928.664,185,175,103,85,6,145,83,13.786,26.443,-0.81,0,0.215,344.36,484.327,-82.722,0.185,-37.223,0,"甲斐野柊太",0.241,-17.09,0,"SFIDA",-19.986,-43.942,0,"柴山犬吉",-16.346,-62.824,95,"Azuner",17.53,-50.602,0,"coder_",8.332,-66.735,0,"YukihiroD",27.956,-92.253,0,"Amellaid",-10.165,-110.492,0,"소솨소솨",-48.959,-93.064,0,0,0,0,2925.51,3,"柴山犬吉",-22.127,-57.964,0,0,,,,,132,1
45,3,1,1,0,0,0,2,0,0,0,255,255,255,21,2950.493,"눈꽃",R,11,72,120,-1.704,0.603,0.143,1.978,-0.551,2.007,-36.64,22.788,91,9,0,2,0,0,152.926,7.253,0,0,1,1,3,L,"Pring__",175.7,88.36,0.485,3,42,W,Y,2951.453,199,96,111,72,51,145,95,-41.281,-30.736,-0.34,0,0.268,-279.206,-494.596,-95.581,0.035,-37.162,0,"甲斐野柊太",-0.095,-16.987,0,"SFIDA",-19.942,-42.666,0,"柴山犬吉",-11.76,-65.136,0,"Azuner",25.357,-50.747,0,"coder_",12.174,-65.329,0,"YukihiroD",41.023,-93.886,0,"Amellaid",2.926,-114.007,0,"소솨소솨",-44.262,-89.801,0,2945.494,0.489,-20.998,2948.361,4,"Azuner",16.463,-51.319,0,0,,,,,34,2
46,3,0,1,0,0,0,0,0,0,0,255,255,255,23,3009.982,"Pugeuk",R,29,88,140,1.307,0.191,0.38,1.523,0.838,1.557,-36.594,28.071,55,45,0,0,0,-237.915,-169.735,18.183,0,0,0,6,6,R,"YukihiroD",173.8,87,0.35,0,42,W,Y,0,0,0,0,0,0,0,0,0,0,0,0,0,0,0,0,-0.087,-37.385,0,"HalF_HearteD",0.026,-16.843,0,"ame_3",-20.875,-44.467,0,"Pring__",-16.634,-61.499,0,"bdg06213",18.494,-48.417,0,"Rite_",11.073,-65.727,0,"alcohol500",35.246,-103.901,0,"紅さかな",-9.203,-115.723,0,"Pizzallaris",-45.343,-97.518,0,0,0,0,0,0,"",0,0,0,0,3004.944,,,,0,0
47,3,0,1,0,0,1,0,0,0,0,255,255,255,24,3028.7,"Pugeuk",R,29,84,137,3.097,-0.937,0.478,1.409,1.293,1.154,-36.594,34.341,51,49,0,2,0,-188.059,-173.329,21.207,0,0,1,6,6,R,"YukihiroD",173.8,87,0.35,3,42,W,Y,3029.72,160,77,93,66,0,145,93,39.184,26.545,-0.38,0,0.523,219.475,460.123,-228.078,0.297,-37.104,0,"HalF_HearteD",0.102,-16.938,0,"ame_3",-20.895,-44.52,0,"Pring__",-16.721,-60.821,0,"bdg06213",18.575,-49.053,0,"Rite_",10.496,-63.813,67,"alcohol500",35.784,-104.714,0,"紅さかな",-9.326,-115.629,0,"Pizzallaris",-45.347,-97.52,54,0,0,0,3028.527,8,"Pizzallaris",-37.561,-81.064,0,0,,,,,129,1
48,3,0,1,0,0,0,1,0,0,0,255,255,255,25,3065.688,"Pugeuk",R,29,84,137,0.266,1.092,0.269,1.671,0.323,2.093,-36.594,25.484,94,6,0,0,0,-178.207,-123.7,3.559,0,0,0,7,3,R,"柴山犬吉",169.8,90.243,0.6,0,42,W,Y,0,0,0,0,0,0,0,0,0,0,0,0,0,0,0,0,0.126,-37.207,0,"HalF_HearteD",-0.015,-17.045,0,"ame_3",-21.003,-45.218,0,"Pring__",-9.677,-65.324,0,"bdg06213",19.789,-47.742,0,"Rite_",10.974,-61.805,0,"alcohol500",48.179,-93.362,0,"紅さかな",6.558,-109.882,0,"Pizzallaris",-39.899,-99.823,0,0,0,0,0,0,"",0,0,0,0,3060.544,,,,0,0
49,3,0,1,0,0,1,1,0,0,0,255,255,255,26,3088.084,"Pugeuk",R,26,89,140,-0.78,-1.773,0.134,1.21,-0.306,0.421,-36.594,24.335,47,53,0,1,0,-28.066,-200,11.946,0,0,0,7,3,R,"柴山犬吉",169.8,90.243,0.6,0,42,W,Y,0,0,0,0,0,0,0,0,0,0,0,0,0,0,0,0,-0.032,-36.949,0,"HalF_HearteD",-0.276,-17.095,0,"ame_3",-21.013,-45.243,0,"Pring__",-8.702,-66.266,0,"bdg06213",19.841,-48.28,0,"Rite_",11.145,-62.165,0,"alcohol500",44.432,-88.007,0,"紅さかな",7.599,-110.937,0,"Pizzallaris",-39.806,-99.892,0,0,0,0,0,0,"",0,0,0,0,3083.01,,,,0,0
50,3,0,1,0,1,1,1,0,0,0,255,255,255,27,3108.06,"Pugeuk",R,26,82,133,-0.44,1.419,0.209,1.703,0.043,2.207,-36.594,20.354,90,10,0,2,0,-166.583,-187.742,15.522,0,0,1,7,3,R,"柴山犬吉",169.8,90.243,0.6,3,42,W,Y,3109.125,207,50,79,44,33,140,106,-30,35.848,0.9,0,0.104,-357.783,395.8,-38.696,0.109,-37.066,0,"HalF_HearteD",-0.108,-17.052,0,"ame_3",-20.975,-45.196,86,"Pring__",-8.774,-66.531,0,"bdg06213",19.525,-48.36,0,"Rite_",11.151,-61.997,0,"alcohol500",44.64,-88.518,0,"紅さかな",7.261,-112.348,0,"Pizzallaris",-39.864,-99.67,0,3102.727,-1.796,-20.702,3104.177,2,"ame_3",-17.958,-42.752,0,0,,,,,64,2
51,3,0,1,0,0,0,2,0,0,0,255,255,255,28,3134.209,"Pugeuk",R,26,81,131,-1.715,0.957,0.082,1.618,-0.548,1.917,-36.594,24.939,63,37,0,1,0,-158.254,-168.321,9.213,0,0,0,8,7,L,"Amellaid",160,86.447,0.439,0,42,W,Y,0,0,0,0,0,0,0,0,0,0,0,0,0,0,0,0,0.087,-37.437,0,"HalF_HearteD",-0.137,-17.028,0,"ame_3",-21.215,-45.394,0,"Pring__",-7.895,-65.575,0,"bdg06213",15.322,-40.683,0,"Rite_",13.002,-60.794,0,"alcohol500",44.106,-92.136,0,"紅さかな",1.229,-109.378,0,"Pizzallaris",-41.018,-93.69,0,0,0,0,0,0,"",0,0,0,0,3128.96,,,,0,0
52,3,0,1,0,1,0,2,0,0,0,255,255,255,29,3150.818,"Pugeuk",R,26,88,140,-0.744,0.433,0.18,1.542,-0.093,1.624,-36.594,26.973,61,39,0,0,0,-174.975,-200,0.996,0,0,0,8,7,L,"Amellaid",160,86.447,0.439,0,42,W,Y,0,0,0,0,0,0,0,0,0,0,0,0,0,0,0,0,-0.166,-36.975,0,"HalF_HearteD",-0.132,-16.984,0,"ame_3",-21.303,-45.492,0,"Pring__",-8.015,-65.613,0,"bdg06213",16.745,-42.352,0,"Rite_",12.872,-60.916,0,"alcohol500",44.147,-92.104,0,"紅さかな",0.864,-109.451,0,"Pizzallaris",-41.019,-93.684,0,0,0,0,0,0,"",0,0,0,0,3145.46,,,,0,0
53,3,0,1,0,1,1,2,0,0,0,255,255,255,30,3170.905,"Pugeuk",R,27,85,138,1.445,-0.834,0.344,1.58,0.668,1.001,-36.594,24.401,46,54,0,0,0,-35.647,-142.123,2.803,0,0,0,8,7,L,"Amellaid",160,86.447,0.439,0,42,W,Y,0,0,0,0,0,0,0,0,0,0,0,0,0,0,0,0,0.372,-36.763,0,"HalF_HearteD",0.033,-17.043,0,"ame_3",-21.266,-45.447,0,"Pring__",-11.408,-64.647,0,"bdg06213",16.48,-42.949,0,"Rite_",12.928,-60.805,0,"alcohol500",45.808,-91.638,0,"紅さかな",1.433,-109.464,0,"Pizzallaris",-41.015,-93.687,0,0,0,0,0,0,"",0,0,0,0,3165.644,,,,0,0
54,3,0,1,0,1,2,2,0,0,0,255,255,255,31,3196.394,"Pugeuk",R,6,79,104,3.166,-0.165,0.365,1.83,0.511,1.859,-36.594,37.799,95,5,0,4,0,431.026,205.334,0,0,0,1,8,7,L,"Amellaid",160,86.447,0.439,0,42,W,Y,0,0,0,0,0,0,0,0,0,0,0,0,0,0,0,0,-0.068,-37.079,0,"HalF_HearteD",0.202,-16.854,0,"ame_3",-21.147,-44.174,0,"Pring__",-8.788,-62.784,0,"bdg06213",17.32,-40.275,0,"Rite_",12.476,-60.68,0,"alcohol500",43.628,-93.627,0,"紅さかな",1.223,-109.165,0,"Pizzallaris",-41.025,-93.63,0,0,0,0,0,0,"",0,0,0,0,3191.227,,,,0,0
55,4,1,1,0,0,0,0,0,0,0,255,255,255,22,3251.452,"눈꽃",R,27,91,140,-0.546,0.442,0.132,1.899,-0.365,1.779,-36.64,12.756,55,45,0,2,0,90.046,-113.839,8.21,0,0,1,2,9,L,"-Alta-",190,84,0.479,3,41,W,Y,3252.452,255,231,184,133,87,145,100,11.275,2.787,-0.33,0,0.685,100.393,562.916,67.885,0.384,-37.248,0,"甲斐野柊太",-0.279,-16.956,0,"SFIDA",-20.465,-47.05,0,"柴山犬吉",-12.062,-65.371,0,"Azuner",25.826,-51.525,0,"coder_",14.643,-66.976,85,"YukihiroD",41.295,-90.246,0,"Amellaid",6.127,-120.177,0,"소솨소솨",-42.318,-96.826,0,3248.594,-8.484,-80.796,3251.627,7,"Amellaid",-17.253,-111.037,1,0,,,,,261,2
56,4,1,1,0,0,0,0,1,0,0,9,255,255,23,3280.425,"눈꽃",R,28,85,138,0.474,0.312,0.214,1.9,0.124,1.843,-36.64,21.933,53,47,0,2,0,86.187,-96.461,7.944,0,0,0,3,4,R,"bdg06213",189.9,80,0.502,3,41,W,Y,3281.482,226,76,102,70,41,145,91,109.686,31.703,-0.78,0,0.389,316.041,-147.652,42.164,0.093,-37.183,0,"甲斐野柊太",0.178,-16.985,0,"SFIDA",-18.871,-42.924,0,"柴山犬吉",-13.383,-60.063,0,"Azuner",17.79,-50.44,0,"coder_",7.35,-63.438,0,"YukihiroD",28.819,-92.713,0,"Amellaid",-11.152,-112.037,0,"소솨소솨",-45.042,-93.276,0,0,0,0,0,0,"",0,0,0,0,,,,,4,3
57,4,1,1,0,0,1,0,1,0,0,9,255,255,24,3298.312,"눈꽃",R,28,85,138,1.158,-0.687,0.265,1.656,0.367,1.088,-36.64,26.063,29,71,0,2,0,93.268,-95.593,4.376,0,0,1,3,4,R,"bdg06213",189.9,80,0.502,3,41,W,Y,3299.326,255,40,59,100,63,137,109,25.186,-10.948,0.07,0,0.4,-103.769,373.545,156.227,0.377,-37.161,0,"甲斐野柊太",0.169,-17.045,0,"SFIDA",-18.998,-42.756,69,"柴山犬吉",-13.733,-60.086,0,"Azuner",18.32,-50.805,0,"coder_",7.416,-65.374,0,"YukihiroD",30.758,-95.529,0,"Amellaid",-8.774,-113.124,0,"소솨소솨",-44.926,-96.155,0,3297.411,9.055,-112.433,3297.744,7,"Amellaid",9.046,-111.842,0,0,,,,,420,1
58,4,1,1,0,0,0,1,1,0,0,9,255,255,25,3340.162,"눈꽃",R,33,81,132,1.883,-0.091,0.353,1.785,0.609,1.425,-36.64,33.66,35,65,0,2,0,136.999,-127.244,2.677,0,0,1,4,1,R,"HalF_HearteD",190,82,0.3,3,41,W,Y,3341.242,255,103,118,117,83,145,107,23.693,0.993,0.01,0,0.205,181.545,-375.795,92.636,0.257,-37.076,0,"甲斐野柊太",-0.02,-17.017,0,"SFIDA",-18.994,-42.491,0,"柴山犬吉",-14.091,-59.266,0,"Azuner",18.03,-50.312,0,"coder_",6.777,-64.742,86,"YukihiroD",30.802,-93.785,0,"Amellaid",-7.931,-112.292,0,"소솨소솨",-47.66,-97.191,0,3339.527,6.144,-113.112,3339.661,7,"Amellaid",5.708,-110.092,0,0,,,,,261,1
59,4,1,1,0,0,0,2,1,0,0,9,255,255,26,3367.768,"눈꽃",R,28,81,131,1.392,0.918,0.313,1.948,0.453,2.011,-36.64,30.012,77,23,0,2,0,96.895,-98.746,7.232,0,0,1,5,7,R,"紅さかな",172.5,86,0.402,0,41,W,Y,3368.826,255,101,98,86,50,145,83,14.758,-51.271,0.99,0,0.368,-149.136,142.787,-89.03,0.294,-37.203,0,"甲斐野柊太",0.216,-16.868,0,"SFIDA",-19.198,-42.577,0,"柴山犬吉",-16.554,-62.173,0,"Azuner",18.455,-51.676,0,"coder_",7.749,-65.832,0,"YukihiroD",28.74,-95.366,0,"Amellaid",-7.253,-115.615,0,"소솨소솨",-45.642,-93.316,0,3363.977,28.22,-44.21,0,0,"",0,0,0,0,,,,,4,3
60,4,1,1,0,0,1,2,1,0,0,9,255,255,27,3388.386,"눈꽃",R,27,82,133,1.471,0.956,0.321,1.953,0.472,2.018,-36.64,34.476,72,28,0,0,0,109.455,-114.986,5.55,0,0,0,5,7,R,"紅さかな",172.5,86,0.402,0,41,W,Y,0,0,0,0,0,0,0,0,0,0,0,0,0,0,0,0,0.019,-37.255,0,"甲斐野柊太",0.108,-16.918,0,"SFIDA",-19.835,-41.475,0,"柴山犬吉",-16.696,-62.486,0,"Azuner",19.987,-50.149,0,"coder_",7.265,-66.526,0,"YukihiroD",37.247,-92.583,0,"Amellaid",-5.833,-116.234,0,"소솨소솨",-43.859,-94.931,0,0,0,0,0,0,"",0,0,0,0,3383.161,,,,0,0
61,4,1,1,0,0,2,2,1,0,0,9,255,255,28,3405.838,"눈꽃",R,27,84,136,0.795,1.027,0.242,1.962,0.217,2.071,-36.64,28.878,79,21,0,2,0,86.227,-105.843,7.366,0,0,1,5,7,R,"紅さかな",172.5,86,0.402,0,41,W,Y,3406.939,95,66,30,44,32,72,64,92.841,-83.658,0.96,0,0.223,-320.282,368.127,-58.99,0.041,-37.131,0,"甲斐野柊太",-0.199,-16.952,0,"SFIDA",-19.166,-42.956,0,"柴山犬吉",-16.629,-62.482,0,"Azuner",18.701,-50.915,0,"coder_",7.835,-66.73,0,"YukihiroD",36.303,-94.236,0,"Amellaid",-5.955,-116.18,0,"소솨소솨",-46.409,-99.493,0,3405.294,-25.124,-16.499,0,0,"",0,0,0,0,,,,,4,3
62,4,1,1,0,0,2,2,1,0,0,9,255,255,29,3430.989,"눈꽃",R,26,73,124,1.065,1.685,0.267,2.038,0.228,2.349,-36.64,32.293,69,31,0,2,0,143.252,-183.71,10.829,0,0,1,5,7,R,"紅さかな",172.5,86,0.402,5,40,W,Y,3432.219,45,45,46,46,87,55,55,19.077,-40.791,0.47,0,0.437,307.032,285.872,-346.297,0.139,-37.169,0,"甲斐野柊太",-0.162,-16.984,0,"SFIDA",-18.535,-42.505,0,"柴山犬吉",-17.362,-62.045,0,"Azuner",19.363,-51.908,0,"coder_",7.319,-66.744,0,"YukihiroD",33.244,-93.827,0,"Amellaid",-13.106,-113.029,0,"소솨소솨",-46.639,-95.194,0,3427.911,18.923,-42.582,3428.144,4,"Azuner",18.455,-41.914,0,0,,,,,2,1
63,4,0,1,0,0,0,0,0,0,0,255,255,255,32,3485.742,"Pugeuk",R,29,88,140,1.239,0.584,0.383,1.784,0.851,1.776,-36.594,35.068,88,11,2,0,0,-238.054,-149.173,4.86,0,0,0,0,5,R,"coder_",169.1,80,0.299,0,40,W,Y,0,0,0,0,0,0,0,0,0,0,0,0,0,0,0,0,0.117,-37.237,0,"HalF_HearteD",0.082,-16.928,0,"ame_3",-21.604,-45.723,0,"Pring__",-10.225,-48.907,0,"bdg06213",18.886,-48.409,0,"Rite_",11.39,-62.585,0,"alcohol500",34.354,-101.165,0,"紅さかな",-8.848,-117.994,0,"Pizzallaris",-42.911,-101.337,0,0,0,0,0,0,"",0,0,0,0,3480.344,,,,0,0
64,4,0,1,0,0,1,0,0,0,0,255,255,255,33,3505.851,"Pugeuk",R,26,79,129,0.857,0.186,0.336,1.709,0.631,1.505,-36.594,34.975,91,9,0,0,0,-178.411,-182.581,11.693,0,0,0,0,5,R,"coder_",169.1,80,0.299,0,40,W,Y,0,0,0,0,0,0,0,0,0,0,0,0,0,0,0,0,-0.204,-37.179,0,"HalF_HearteD",0.09,-16.901,0,"ame_3",-21.41,-45.462,0,"Pring__",-12.825,-56.746,0,"bdg06213",17.661,-46.776,0,"Rite_",8.954,-61.755,0,"alcohol500",34.201,-102.023,0,"紅さかな",-9.191,-117.957,0,"Pizzallaris",-42.183,-100.872,0,0,0,0,0,0,"",0,0,0,0,3500.394,,,,0,0
65,4,0,1,0,0,2,0,0,0,0,255,255,255,34,3528.891,"Pugeuk",R,26,94,140,0.812,-1.23,0.301,1.295,0.47,0.726,-36.594,26.531,47,53,0,1,0,-92.233,-200,12.765,0,0,0,0,5,R,"coder_",169.1,80,0.299,0,40,W,Y,0,0,0,0,0,0,0,0,0,0,0,0,0,0,0,0,0.295,-36.928,0,"HalF_HearteD",0.131,-16.97,0,"ame_3",-21.451,-45.425,0,"Pring__",-13.319,-58.095,0,"bdg06213",17.615,-46.364,0,"Rite_",8.723,-61.183,0,"alcohol500",34.169,-103.025,0,"紅さかな",-8.661,-118.202,0,"Pizzallaris",-42.173,-101.611,0,0,0,0,0,0,"",0,0,0,0,3523.51,,,,0,0
66,4,0,1,0,1,2,0,0,0,0,255,255,255,35,3550.529,"Pugeuk",R,26,90,140,1.024,-0.18,0.317,1.456,0.545,1.312,-36.594,20.073,49,51,0,2,0,-79.809,-200,15.942,0,0,1,0,5,R,"coder_",169.1,80,0.299,3,40,W,Y,3551.555,156,78,103,39,35,145,124,27.014,26.15,0.58,0,0.277,-83.014,-38.142,15.142,0.38,-36.73,0,"HalF_HearteD",0.085,-16.983,0,"ame_3",-21.378,-45.386,0,"Pring__",-13.758,-57.413,0,"bdg06213",17.279,-46.953,0,"Rite_",8.741,-61.06,78,"alcohol500",32.921,-104.412,0,"紅さかな",-8.826,-118.062,0,"Pizzallaris",-42.229,-101.58,104,3549.494,-45.743,-115.017,3549.544,8,"Pizzallaris",-44.28,-111.899,0,0,,,,,129,1
67,4,0,1,0,0,0,1,0,0,0,255,255,255,36,3582.085,"Pugeuk",R,29,89,140,-0.249,-0.062,0.241,1.684,0.19,1.439,-36.594,30.117,64,36,0,0,0,-225.96,-147.811,7.157,0,0,0,1,4,L,"Azuner",190,80,0.348,0,40,W,Y,0,0,0,0,0,0,0,0,0,0,0,0,0,0,0,0,-0.122,-37.607,0,"HalF_HearteD",-0.136,-16.868,0,"ame_3",-20.286,-44.712,0,"Pring__",-8.761,-64.83,0,"bdg06213",20.963,-48.1,0,"Rite_",13.495,-63.157,0,"alcohol500",49.746,-100.389,0,"紅さかな",6.459,-123.555,0,"Pizzallaris",-38.537,-105.246,0,0,0,0,0,0,"",0,0,0,0,3576.661,,,,0,0
68,4,0,1,0,0,1,1,0,0,0,255,255,255,37,3599.845,"Pugeuk",R,29,89,140,-0.862,0.071,0.167,1.704,-0.153,1.506,-36.594,28.514,91,9,0,2,0,-168.26,-167.076,4.099,0,0,1,1,4,L,"Azuner",190,80,0.348,3,40,W,Y,3600.903,242,109,54,54,27,137,90,9.901,-40.826,-0.59,0,0.26,143.547,-159.385,208.398,-0.069,-36.659,0,"HalF_HearteD",-0.144,-17.034,0,"ame_3",-20.279,-44.805,0,"Pring__",-12.006,-64.225,0,"bdg06213",20.971,-48.49,98,"Rite_",13.563,-62.947,0,"alcohol500",47.941,-101.047,0,"紅さかな",6.198,-123.644,0,"Pizzallaris",-38.549,-105.257,0,0,0,0,3595.861,4,"bdg06213",20.689,-43.261,0,0,,,,,8,1
69,4,0,1,0,0,0,2,0,0,0,255,255,255,38,3626.598,"Pugeuk",R,29,92,140,-0.759,-0.984,0.186,1.494,-0.065,0.823,-36.594,32.485,49,51,0,1,0,-200.401,-194.5,11.729,0,0,0,2,0,L,"눈꽃",190,85,0.597,0,40,W,Y,0,0,0,0,0,0,0,0,0,0,0,0,0,0,0,0,-0.133,-36.929,0,"HalF_HearteD",-0.147,-16.878,0,"ame_3",-20.916,-45.373,0,"Pring__",-12.096,-64.974,0,"bdg06213",22.703,-48.889,0,"Rite_",14.016,-62.219,0,"alcohol500",51.557,-103.183,0,"紅さかな",0.542,-120.757,0,"Pizzallaris",-45.281,-105.184,0,0,0,0,0,0,"",0,0,0,0,3620.927,,,,0,0
70,4,0,1,0,1,0,2,0,0,0,255,255,255,39,3646.228,"Pugeuk",R,26,77,127,-1.524,0.108,0.095,1.697,-0.488,1.482,-36.594,24.513,86,13,1,2,0,-116.919,-200,9.506,0,0,1,2,0,L,"눈꽃",190,85,0.597,3,40,W,Y,3647.166,255,131,87,105,61,145,104,27.325,-5.326,0.92,0,0.492,72.319,28.245,-411.726,-0.235,-36.851,0,"HalF_HearteD",-0.192,-16.974,0,"ame_3",-20.899,-45.252,0,"Pring__",-11.979,-64.692,0,"bdg06213",22.521,-49.139,0,"Rite_",14.056,-62.049,0,"alcohol500",50.778,-103.652,0,"紅さかな",0.559,-120.758,110,"Pizzallaris",-45.103,-105.23,0,3645.01,9.099,-107.542,3645.344,7,"紅さかな",8.892,-104.95,0,0,,,,,36,1
71,5,1,1,0,0,0,0,0,0,0,255,255,255,30,3703.399,"눈꽃",R,27,91,140,-0.651,0.252,0.08,1.844,-0.41,1.666,-36.64,9.203,49,51,0,2,0,90.379,-107.792,8.918,0,0,1,6,2,L,"ame_3",190,80,0.23,3,39,W,Y,3704.203,255,84,124,87,41,145,130,24.452,-47.469,0.35,0,0.209,-141.455,-425.047,107.429,0.131,-37.244,0,"甲斐野柊太",-0.109,-16.879,0,"SFIDA",-20.032,-43.734,0,"柴山犬吉",-14.458,-63.278,0,"Azuner",24.708,-50.505,0,"coder_",13.995,-67.742,0,"YukihiroD",43.015,-89.613,0,"Amellaid",6.505,-113.521,0,"소솨소솨",-43.914,-92.925,0,3701.694,90.169,-87.582,0,0,"",0,0,0,0,,,,,4,3
72,5,1,1,0,0,1,0,0,0,0,255,255,255,31,3725.19,"눈꽃",R,28,72,124,0.186,0.609,0.245,1.954,-0.031,1.883,-36.64,27.38,51,49,0,2,0,65.61,-95.909,7.26,0,0,1,6,2,L,"ame_3",190,80,0.23,3,39,W,Y,3726.243,255,139,134,93,76,145,130,109.2,52.16,0.38,0,0.387,363.926,-252.882,-326.441,0.358,-37.205,0,"甲斐野柊太",-0.069,-16.949,0,"SFIDA",-19.62,-44.641,0,"柴山犬吉",-15.207,-63.806,0,"Azuner",25.028,-50.832,0,"coder_",15.249,-65.603,0,"YukihiroD",47.595,-90.748,0,"Amellaid",7.606,-118.457,0,"소솨소솨",-43,-90.859,0,0,0,0,0,0,"",0,0,0,0,,,,,4,3
73,5,1,1,0,0,2,0,0,0,0,255,255,255,32,3743.096,"눈꽃",R,28,91,140,-1.357,0.637,0.115,2.023,-0.692,1.924,-36.64,27.12,86,14,0,2,0,70.725,-82.838,6.441,0,0,1,6,2,L,"ame_3",190,80,0.23,3,39,W,Y,3743.975,255,123,126,90,54,145,87,25.914,39.306,1,0,0.283,104.566,26.918,22.72,0.105,-37.22,0,"甲斐野柊太",-0.225,-16.767,0,"SFIDA",-18.978,-44.058,71,"柴山犬吉",-15.259,-63.335,0,"Azuner",25.036,-50.832,0,"coder_",15.089,-66.945,0,"YukihiroD",49.267,-95.552,0,"Amellaid",8.812,-119.771,0,"소솨소솨",-44.861,-92.575,87,3740.76,-42.533,-69.642,3742.244,7,"Amellaid",-48.992,-77.391,1,0,,,,,44,2
74,5,1,1,0,0,0,0,1,0,0,2,255,255,33,3773.154,"눈꽃",R,28,82,133,1.334,-0.233,0.269,1.752,0.44,1.36,-36.64,23.982,46,54,0,0,0,91.19,-96.993,2.57,0,0,0,7,5,R,"Rite_",170,80,0.455,0,39,W,Y,0,0,0,0,0,0,0,0,0,0,0,0,0,0,0,0,0.127,-37.352,0,"甲斐野柊太",-0.705,-18.748,0,"SFIDA",-19.756,-40.759,0,"柴山犬吉",-14.261,-59.294,0,"Azuner",19.392,-50.345,0,"coder_",4.844,-63.752,0,"YukihiroD",32.936,-97.819,0,"Amellaid",-10.625,-111.563,0,"소솨소솨",-47.908,-91.249,0,0,0,0,0,0,"",0,0,0,0,3767.344,,,,0,0
75,5,1,1,0,0,1,0,1,0,0,2,255,255,34,3794.26,"눈꽃",R,28,84,136,0.665,0.3,0.149,1.815,0.196,1.685,-36.64,12.682,48,52,0,2,0,63.04,-74.454,6.21,0,0,1,7,5,R,"Rite_",170,80,0.455,3,39,W,Y,3795.15,94,157,75,85,27,132,76,36.538,36.814,-0.81,0,0.308,-90.136,226.463,-548.261,0.003,-37.213,0,"甲斐野柊太",-0.016,-16.855,0,"SFIDA",-19.376,-41.965,0,"柴山犬吉",-14.314,-59.211,0,"Azuner",19.119,-50.532,0,"coder_",6.735,-65.957,0,"YukihiroD",32.912,-97.781,0,"Amellaid",-10.335,-110.651,0,"소솨소솨",-47.172,-91.173,97,3793.027,-38.957,-69.189,3793.911,8,"소솨소솨",-41.354,-71.8,1,0,3796.794,3803.925,,,28,2
76,5,1,1,0,0,0,0,1,1,0,5,2,255,35,3828.736,"눈꽃",R,28,87,140,-0.133,-0.616,0.013,1.601,-0.166,1.158,-36.64,10.406,38,62,0,0,0,78.603,-96.384,9.096,0,0,0,8,6,L,"alcohol500",167.9,90.002,0.398,0,39,W,Y,0,0,0,0,0,0,0,0,0,0,0,0,0,0,0,0,0.053,-37.389,0,"甲斐野柊太",-0.372,-17.284,0,"SFIDA",-19.74,-40.447,0,"柴山犬吉",-6.777,-61.642,0,"Azuner",23.45,-49.095,0,"coder_",10.087,-61.585,0,"YukihiroD",45.587,-96.85,0,"Amellaid",1.579,-111.007,0,"소솨소솨",-41.003,-87.852,0,0,0,0,0,0,"",0,0,0,0,3822.827,3831.622,,,0,0
77,5,1,1,0,0,1,0,1,1,0,5,2,255,36,3850.897,"눈꽃",R,33,87,140,-1.585,-1.107,0.105,1.799,-0.558,1.446,-36.64,15.56,39,61,0,2,0,108.687,-104.682,5.564,0,0,1,8,6,L,"alcohol500",167.9,90.002,0.398,3,39,W,Y,3851.687,170,37,80,70,18,145,83,12.396,-2.377,-0.8,0,0.17,528.601,-221.926,-13.05,0.093,-37.31,0,"甲斐野柊太",-0.188,-16.857,0,"SFIDA",-19.377,-41.799,0,"柴山犬吉",-7.859,-61.947,92,"Azuner",23.366,-48.956,0,"coder_",13.074,-61.866,0,"YukihiroD",45.419,-96.76,0,"Amellaid",3.36,-107.345,0,"소솨소솨",-42.631,-88.813,0,0,0,0,3845.577,0,"눈꽃",0.676,-36.687,0,0,,3854.775,,,164,1
78,5,0,1,0,0,0,0,0,0,0,255,255,255,40,3952.311,"Pugeuk",R,29,85,138,0.749,0.253,0.342,1.727,0.66,1.579,-36.594,31.507,92,8,0,0,0,-250,-200,-7.191,0,0,0,3,8,R,"소솨소솨",185.4,80,0.396,0,46,W,Y,0,0,0,0,0,0,0,0,0,0,0,0,0,0,0,0,0.055,-37.582,0,"HalF_HearteD",-0.056,-16.831,0,"ame_3",-21.177,-45.954,0,"Pring__",-14.032,-60.524,0,"bdg06213",18.868,-49.802,0,"Rite_",8.546,-64.315,0,"alcohol500",44.792,-100.428,0,"紅さかな",-0.114,-119.62,0,"Pizzallaris",-42.474,-102.883,0,0,0,0,0,0,"",0,0,0,0,3946.294,,,,0,0
79,5,0,1,0,0,1,0,0,0,0,255,255,255,41,3974.1,"Pugeuk",R,30,84,136,0.845,0.418,0.315,1.779,0.535,1.749,-36.594,28.171,92,8,0,2,0,-125.799,-119.712,-1.489,0,0,1,3,8,R,"소솨소솨",185.4,80,0.396,3,46,W,Y,3975.114,255,39,143,25,19,145,96,-52.051,57.286,-0.47,0,0.698,-170.984,9.326,-37.774,0.027,-37.06,0,"HalF_HearteD",0.166,-17.005,0,"ame_3",-21.242,-45.883,85,"Pring__",-14.124,-60.324,0,"bdg06213",18.308,-49.593,0,"Rite_",8.574,-64.143,0,"alcohol500",44.399,-102.247,0,"紅さかな",0.113,-119.886,0,"Pizzallaris",-42.557,-102.734,0,3967.877,-1.093,-19.979,3970.861,7,"Amellaid",-25.689,-41.015,0,0,,,,,64,2
80,5,0,1,0,0,2,0,0,0,0,255,255,255,42,3997.807,"Pugeuk",R,27,80,130,1.021,2.29,0.28,1.921,0.374,2.885,-36.594,38.37,88,11,2,1,0,42.233,-129.483,20.728,0,0,0,3,8,R,"소솨소솨",185.4,80,0.396,0,46,W,Y,0,0,0,0,0,0,0,0,0,0,0,0,0,0,0,0,0.119,-37.238,0,"HalF_HearteD",0.15,-17.04,0,"ame_3",-21.41,-44.716,0,"Pring__",-15.639,-60.28,0,"bdg06213",17.961,-49.445,0,"Rite_",6.104,-64.746,0,"alcohol500",45.907,-104.174,0,"紅さかな",-0.852,-118.68,0,"Pizzallaris",-41.99,-101.289,0,0,0,0,0,0,"",0,0,0,0,3991.827,,,,0,0
81,5,0,1,0,1,2,0,0,0,0,255,255,255,43,4028.482,"Pugeuk",R,29,84,136,0.755,1.61,0.331,1.785,0.608,2.432,-36.594,32.078,90,10,0,4,0,-205.798,-179.522,7.493,0,0,1,3,8,R,"소솨소솨",185.4,80,0.396,0,46,W,Y,0,0,0,0,0,0,0,0,0,0,0,0,0,0,0,0,-0.036,-37.79,0,"HalF_HearteD",-0.092,-16.966,0,"ame_3",-21.515,-45.541,0,"Pring__",-14.325,-61.101,0,"bdg06213",18.047,-48.983,0,"Rite_",10.009,-64.334,0,"alcohol500",47.507,-99.24,0,"紅さかな",-0.819,-118.73,0,"Pizzallaris",-42.396,-101.767,0,0,0,0,0,0,"",0,0,0,0,4022.46,,,,0,0
82,5,0,1,0,0,0,1,0,0,0,255,255,255,44,4054.944,"Pugeuk",R,29,84,136,-1.212,0.551,0.146,1.605,-0.252,1.832,-36.594,31.137,63,37,0,0,0,-199.312,-144.941,2.371,0,0,1,4,1,L,"甲斐野柊太",190,80,0.2,0,38,W,Y,0,0,0,0,0,0,0,0,0,0,0,0,0,0,0,0,-0.056,-37.388,0,"HalF_HearteD",-0.175,-16.985,0,"ame_3",-20.98,-45.838,0,"Pring__",-12.669,-61.551,0,"bdg06213",21.182,-48.086,0,"Rite_",14.705,-62.032,0,"alcohol500",48.404,-101.564,0,"紅さかな",1.609,-119.108,0,"Pizzallaris",-46.873,-104.8,0,0,0,0,0,0,"",0,0,0,0,4048.994,,,,0,0
83,5,0,1,0,0,1,1,0,0,0,255,255,255,45,4072.893,"Pugeuk",R,26,88,140,-0.95,0.119,0.159,1.51,-0.193,1.523,-36.594,28.704,52,48,0,2,0,-166.714,-195.693,6.539,0,0,1,4,1,L,"甲斐野柊太",190,80,0.2,3,26,W,Y,4073.932,228,46,99,66,26,145,99,-44.553,23.603,-0.38,0,0.153,-289.036,-25.113,-88.513,-0.144,-37.233,0,"HalF_HearteD",-0.214,-17.012,0,"ame_3",-20.991,-45.763,82,"Pring__",-14.06,-60.598,88,"bdg06213",21.073,-48.095,0,"Rite_",14.785,-61.78,0,"alcohol500",49.046,-102.147,0,"紅さかな",1.066,-119.092,0,"Pizzallaris",-46.344,-104.901,0,4066.727,-0.64,-19.715,4069.577,-1,"magimari",-16.15,-55.14,0,0,,,,,66,2
84,5,0,1,0,0,0,2,0,0,0,255,255,255,46,4101.387,"Pugeuk",R,29,82,133,-1.547,0.206,0.115,1.532,-0.394,1.595,-36.594,28.572,55,45,0,2,0,-195.572,-162.71,7.841,0,0,1,5,2,L,"SFIDA",189.4,80,0.2,3,38,W,Y,4102.294,255,62,89,54,13,145,89,7.387,12.604,-0.89,0,0.503,488.322,296.294,-183.716,-0.328,-36.919,0,"HalF_HearteD",-0.183,-16.983,0,"ame_3",-20.423,-45.028,0,"Pring__",-13.694,-63.398,104,"bdg06213",22.15,-48.212,0,"Rite_",13.919,-61.054,0,"alcohol500",49.498,-99.908,0,"紅さかな",0.02,-119.508,0,"Pizzallaris",-44.824,-103.752,0,0,0,0,4097.227,3,"Pring__",-9.475,-57.164,0,0,,,,,70,1
85,6,1,1,0,0,0,0,0,0,0,255,255,255,37,4151.198,"눈꽃",R,13,65,107,1.41,0.266,0.484,1.926,1.367,2.191,-36.64,21.179,24,76,0,2,0,-398.718,286.329,2.237,0,0,1,0,8,R,"Pizzallaris",167.4,85.912,0.402,3,38,W,Y,4152.413,99,193,95,79,44,135,102,25.112,30.904,0.11,0,0.283,272.897,295.269,268.729,0.379,-37.322,0,"甲斐野柊太",0.12,-16.965,0,"SFIDA",-19.906,-43.674,0,"柴山犬吉",-16.276,-62.994,0,"Azuner",19.882,-49.562,0,"coder_",9.763,-66.034,99,"YukihiroD",32.759,-95.7,0,"Amellaid",-7.366,-112.673,0,"소솨소솨",-46.215,-91.559,103,4149.477,-51.661,-91.822,4149.71,8,"소솨소솨",-49.727,-89.389,0,0,,,,,13,1
86,6,1,1,0,0,0,1,0,0,0,255,255,255,38,4177.859,"눈꽃",R,28,95,140,-1.126,-0.052,0.021,1.78,-0.594,1.473,-36.64,6.467,45,55,0,2,0,75.072,-98.04,7.362,0,0,1,1,3,L,"Pring__",175.7,86.36,0.485,3,38,W,Y,4178.675,255,131,70,100,51,144,88,32.659,31.633,-0.66,0,0.442,522.929,-167.69,152.306,0.076,-37.274,0,"甲斐野柊太",-0.199,-17.005,0,"SFIDA",-19.528,-42.74,0,"柴山犬吉",-12.645,-64.971,0,"Azuner",25.514,-51.127,0,"coder_",12.201,-62.903,0,"YukihiroD",45.341,-99.578,0,"Amellaid",5.448,-113.068,0,"소솨소솨",-41.983,-88.173,107,4175.994,-38.09,-84.381,4176.061,8,"소솨소솨",-36.845,-82.02,0,0,,,,,12,1
87,6,1,1,0,0,0,2,0,0,0,255,255,255,39,4204.899,"눈꽃",R,3,64,106,0.407,0.343,0.394,1.927,0.985,2.167,-36.64,20.617,54,46,0,2,0,-420.27,244.523,-0.577,0,0,1,2,9,L,"-Alta-",190,84,0.479,3,38,W,Y,4205.816,240,132,112,96,54,145,130,19.7,-3.857,0.68,0,0.447,127.586,62.768,8.955,0.322,-37.139,0,"甲斐野柊太",-0.082,-16.913,0,"SFIDA",-19.912,-43.483,0,"柴山犬吉",-13.097,-64.993,0,"Azuner",25.886,-51.465,0,"coder_",14.219,-67.511,0,"YukihiroD",44.013,-95.767,0,"Amellaid",5.154,-116.655,0,"소솨소솨",-42.096,-87.59,0,4202.794,6.362,-134.947,4203.827,7,"Amellaid",6.254,-131.936,1,4,,4217.259,,,384,2
88,6,0,1,0,0,0,0,0,0,0,255,255,255,47,4273.796,"Pugeuk",R,27,78,128,-0.408,-0.061,0.183,1.488,-0.079,1.433,-36.594,26.939,57,43,0,0,0,-68.771,-131.474,2.221,0,0,1,6,6,R,"YukihiroD",173.8,87,0.35,0,38,W,Y,0,0,0,0,0,0,0,0,0,0,0,0,0,0,0,0,0.301,-37.012,0,"HalF_HearteD",-0.076,-16.88,0,"ame_3",-21.561,-45.412,0,"Pring__",-14.833,-61.562,0,"bdg06213",16.397,-48.413,0,"Rite_",10.723,-62.687,0,"alcohol500",33.405,-99.07,0,"紅さかな",-8.865,-116.376,0,"Pizzallaris",-42.486,-100.592,0,0,0,0,0,0,"",0,0,0,0,4267.027,,,,0,0
89,6,0,1,0,0,1,0,0,0,0,255,255,255,48,4295.363,"Pugeuk",R,10,71,101,-0.386,-1.771,0.145,1.378,-0.172,1.248,-36.594,22.574,50,50,0,4,0,0,400,0,-0.096,-18.562,1,6,6,R,"YukihiroD",173.8,87,0.35,0,38,W,Y,0,0,0,0,0,0,0,0,0,0,0,0,0,0,0,0,-0.518,-37.542,0,"HalF_HearteD",-0.214,-16.661,0,"ame_3",-21.618,-45.42,0,"Pring__",-14.96,-59.369,0,"bdg06213",16.005,-47.075,0,"Rite_",9.842,-65.144,0,"alcohol500",34.488,-99.793,0,"紅さかな",-9.229,-116.441,0,"Pizzallaris",-42.487,-100.597,0,0,0,0,0,0,"",0,0,0,0,4288.761,,,,0,0
90,6,0,1,0,0,2,0,0,0,0,255,255,255,49,4315.671,"Pugeuk",R,13,79,116,-2.101,0.581,0.15,1.742,-0.233,2.334,-36.594,29.283,87,13,0,2,0,-388.897,314.259,42.467,0,0,1,6,6,R,"YukihiroD",173.8,87,0.35,3,38,W,Y,4316.8,228,79,85,74,27,145,94,104.208,-69.08,0.94,0,0.498,388.145,55.151,163.414,-0.524,-37.015,0,"HalF_HearteD",-0.245,-16.863,0,"ame_3",-21.726,-45.291,0,"Pring__",-14.082,-63.556,0,"bdg06213",17.482,-50.069,0,"Rite_",9.665,-64.673,0,"alcohol500",32.518,-101.019,0,"紅さかな",-8.962,-116.439,0,"Pizzallaris",-42.523,-100.486,0,0,0,0,0,0,"",0,0,0,0,,,,,0,3
91,6,0,1,0,0,2,0,0,0,0,255,255,255,50,4337.891,"Pugeuk",R,13,70,98,-2.875,0.387,0.038,1.851,-0.503,2.363,-36.594,31.567,85,15,0,2,0,-347.842,312.348,0,0,0,1,6,6,R,"YukihiroD",173.8,87,0.35,3,37,W,Y,4339.145,255,85,89,102,37,145,115,26.195,16.376,0.77,0,0.506,168.412,-42.96,236.516,-0.55,-36.699,0,"HalF_HearteD",-0.544,-16.885,0,"ame_3",-22.901,-46.493,0,"Pring__",-14.538,-61.743,0,"bdg06213",18.108,-49.555,0,"Rite_",10.09,-63.568,70,"alcohol500",32.147,-99.129,0,"紅さかな",-9.136,-116.89,0,"Pizzallaris",-45.587,-99.143,0,4335.794,-29.071,-116.531,4338.161,8,"Pizzallaris",-29.089,-124.161,1,0,,4348.975,,,129,2
92,6,0,1,0,0,0,0,0,1,0,255,16,255,51,4377.906,"Pugeuk",R,29,91,140,2.071,-0.656,0.447,1.597,1.151,1.098,-36.594,28.601,50,50,0,2,0,-193.649,-135.077,5.537,0,0,1,7,3,R,"柴山犬吉",169.8,90.243,0.6,3,37,W,Y,4378.972,255,152,143,42,3,145,83,27.174,3.934,-0.82,0,0.245,186.924,-373.701,76.798,0.099,-37.31,0,"HalF_HearteD",0.135,-16.873,0,"ame_3",-22.077,-46.299,0,"Pring__",-4.371,-62.776,0,"bdg06213",18.246,-46.32,0,"Rite_",11.081,-63.051,79,"alcohol500",41.773,-90.197,0,"紅さかな",4.725,-117.071,72,"Pizzallaris",-42.534,-105.181,0,4375.427,0.987,-89.623,4376.394,7,"紅さかな",1.372,-93.717,1,0,,4381.479,,,160,2
93,6,0,1,0,0,0,0,1,1,0,13,16,255,52,4418.202,"Pugeuk",R,26,88,140,-1.229,0.423,0.118,1.541,-0.382,1.618,-36.594,28.856,51,49,0,2,0,-116.222,-200,3.864,0,0,1,8,7,L,"Amellaid",160,86.447,0.439,3,37,W,Y,4419.117,211,107,28,72,22,101,62,-17.962,-21.237,-0.9,0,0.474,131.676,-330.491,483.153,0.149,-37.242,0,"HalF_HearteD",-0.21,-16.747,0,"ame_3",-21.107,-45.368,85,"Pring__",-5.669,-64.047,105,"bdg06213",16.94,-42.752,0,"Rite_",12.962,-60.084,99,"alcohol500",42.786,-94.333,0,"紅さかな",0.428,-111.109,0,"Pizzallaris",-42.43,-103.06,0,4410.794,0.749,-22.017,4413.661,5,"Rite_",7.928,-49.448,1,0,,4423.245,4423.149,,194,2
94,6,0,1,0,0,0,0,1,1,1,17,13,16,53,4458.368,"Pugeuk",R,26,83,135,1.595,0.869,0.401,1.614,0.935,1.888,-36.594,28.709,53,47,0,1,0,-177.808,-200,10.184,0,0,0,0,5,R,"coder_",169.1,80,0.299,0,37,W,Y,0,0,0,0,0,0,0,0,0,0,0,0,0,0,0,0,0.207,-37.582,0,"HalF_HearteD",0.151,-16.812,0,"ame_3",-19.41,-41.723,0,"Pring__",-10.241,-54.699,0,"bdg06213",18.425,-41.213,0,"Rite_",10.824,-58.864,0,"alcohol500",35.314,-95.757,0,"紅さかな",-4.859,-113.58,0,"Pizzallaris",-42.558,-103.932,0,0,0,0,0,0,"",0,0,0,0,4451.161,4461.018,4471.116,,0,0
95,6,0,1,0,1,0,0,1,1,1,17,13,16,54,4480.502,"Pugeuk",R,6,86,110,1.811,-0.568,0.16,1.404,-0.123,1.301,-36.594,14.572,41,59,0,2,0,480.621,0,31.145,0,0,1,0,5,R,"coder_",169.1,80,0.299,3,37,W,Y,4481.603,167,177,130,80,52,145,124,33.85,15.851,0.42,0,0.514,105.015,130.886,176.925,-0.15,-37.066,0,"HalF_HearteD",0.046,-16.813,0,"ame_3",-19.125,-42.531,0,"Pring__",-10.858,-56.577,77,"bdg06213",15.71,-44.054,0,"Rite_",10.842,-58.686,0,"alcohol500",37.382,-94.011,0,"紅さかな",-4.95,-112.755,0,"Pizzallaris",-42.576,-103.929,89,4478.594,-34.234,-124.368,4480.011,8,"Pizzallaris",-34.496,-124.022,1,0,,4483.771,4485.802,4492.224,3,2
96,6,0,1,1,0,0,0,1,1,1,15,17,13,55,4523.763,"Pugeuk",R,29,82,133,-1.754,0.686,0.104,1.626,-0.447,1.9,-36.594,28.414,48,52,0,2,0,-221.953,-156.678,9.778,0,0,1,1,4,L,"Azuner",190,80,0.348,3,37,W,Y,4524.874,255,110,70,46,20,138,87,111.188,-51.14,-0.78,0,0.185,478.098,126.83,70.275,-0.033,-37.063,0,"HalF_HearteD",-0.232,-16.873,0,"ame_3",-20.424,-45.28,0,"Pring__",-6.939,-62.834,0,"bdg06213",20.166,-46.964,0,"Rite_",13.543,-60.385,0,"alcohol500",46.006,-88.656,0,"紅さかな",11.486,-118.829,0,"Pizzallaris",-39.471,-108.52,0,0,0,0,0,0,"",0,0,0,0,,4526.819,4526.37,,0,3
97,6,0,1,1,0,1,0,1,1,1,15,17,13,56,4547.356,"Pugeuk",R,26,78,128,-1.697,0.748,0.081,1.632,-0.555,1.919,-36.594,28.884,90,10,0,2,0,-123.625,-169.801,5.235,0,0,1,1,4,L,"Azuner",190,80,0.348,3,37,W,Y,4548.434,255,183,83,48,37,143,89,46.552,2.518,-0.82,0,0.377,12.995,326.783,-65.13,-0.261,-37.014,0,"HalF_HearteD",-0.226,-16.965,0,"ame_3",-20.243,-44.847,0,"Pring__",-9.973,-62.539,108,"bdg06213",20.215,-47.218,0,"Rite_",14.35,-60.7,60,"alcohol500",47.893,-89.276,0,"紅さかな",5.751,-119.131,0,"Pizzallaris",-41.171,-106.808,0,4544.844,-7.934,-82.06,4545.061,3,"Pring__",-7.361,-79.318,0,0,,4550.876,4550.333,,130,1
98,6,0,1,1,1,0,1,1,1,1,15,17,13,57,4615.479,"Pugeuk",R,29,88,140,-0.873,-0.372,0.164,1.427,-0.168,1.254,-36.594,30.794,57,43,0,0,0,-160.124,-148.731,6.223,0,0,0,2,0,L,"눈꽃",190,85,0.597,0,37,W,Y,0,0,0,0,0,0,0,0,0,0,0,0,0,0,0,0,-0.446,-37.761,0,"HalF_HearteD",-0.12,-16.865,0,"ame_3",-19.038,-44.508,0,"Pring__",-9.758,-62.952,0,"bdg06213",21.241,-45.529,0,"Rite_",14.31,-64.991,0,"alcohol500",46.773,-94.496,0,"紅さかな",0.58,-116.764,0,"Pizzallaris",-41.691,-103.422,0,0,0,0,0,0,"",0,0,0,0,4607.494,4617.887,4617.997,,0,0
99,6,0,1,1,1,1,1,1,1,1,15,17,13,58,4636.151,"Pugeuk",R,29,91,140,-0.652,-0.353,0.198,1.433,-0.009,1.276,-36.594,29.436,54,46,0,2,0,-207.189,-137.596,10.822,0,0,1,2,0,L,"눈꽃",190,85,0.597,3,37,W,Y,4637.076,241,24,104,34,11,145,120,-30,-14.396,0.16,0,0.243,-485.722,-115.896,56.188,-0.114,-37.35,0,"HalF_HearteD",-0.19,-17.009,0,"ame_3",-20.414,-45.389,0,"Pring__",-13.235,-63.159,0,"bdg06213",21.34,-47.298,0,"Rite_",13.828,-63.21,103,"alcohol500",46.98,-94.938,0,"紅さかな",-0.104,-117.678,0,"Pizzallaris",-42.536,-104.141,0,4627.894,0.139,-19.933,4629.96,5,"Rite_",7.093,-61.819,0,0,,4640.817,4641.225,4641.499,192,2
100,6,0,1,2,0,0,2,0,1,1,255,15,17,59,4691.396,"Pugeuk",R,29,96,140,-0.997,-0.131,0.454,1.439,1.18,1.284,-36.594,31.063,48,52,0,2,0,-242.338,-200,21.9,0,0,1,3,8,R,"소솨소솨",185.4,80,0.396,3,37,W,Y,4692.358,255,118,92,91,42,145,90,-1.64,-36.022,-0.75,0,0.568,-75.803,-354.98,243.629,0.354,-37.575,0,"HalF_HearteD",0.132,-16.842,0,"ame_3",-21.708,-45.763,0,"Pring__",-12.087,-62.565,0,"bdg06213",18.347,-47.07,113,"Rite_",10.13,-62.906,0,"alcohol500",46.926,-96.658,0,"紅さかな",-0.099,-116.57,0,"Pizzallaris",-39.121,-101.718,0,4683.327,8.089,-30.116,4684.377,4,"bdg06213",17.249,-43.018,0,0,,,4696.562,4696.702,76,2
101,7,1,1,2,0,0,0,0,0,0,255,255,255,40,4740.745,"눈꽃",R,27,90,140,1.796,-0.182,0.284,1.744,0.662,1.395,-36.64,15.583,53,47,0,2,0,81.678,-107.889,4.119,0,0,0,3,4,R,"bdg06213",189.9,80,0.502,3,37,W,Y,4741.742,93,118,50,74,47,123,82,8.025,41.404,-0.53,0,0.364,188.5,397.073,357.879,0.328,-37.262,0,"甲斐野柊太",0.177,-17.033,0,"SFIDA",-19.572,-44.777,81,"柴山犬吉",-16.605,-62.735,0,"Azuner",19.171,-50.954,0,"coder_",8.764,-67.04,0,"YukihiroD",35.914,-93.728,0,"Amellaid",-8.487,-116.728,0,"소솨소솨",-45.502,-92.224,0,4733.044,-18.267,-39.174,4733.477,2,"SFIDA",-19.413,-40.197,0,0,,,,,36,2
102,7,1,1,2,0,0,1,0,0,0,255,255,255,41,4765.897,"눈꽃",R,27,91,140,0.847,-0.582,0.224,1.682,0.267,1.137,-36.64,13.278,53,47,0,0,0,69.865,-117.148,5.969,0,0,1,4,1,R,"HalF_HearteD",190,82,0.3,0,36,W,Y,0,0,0,0,0,0,0,0,0,0,0,0,0,0,0,0,0.402,-37.427,0,"甲斐野柊太",-0.066,-17.047,0,"SFIDA",-20.572,-44.424,0,"柴山犬吉",-17.155,-62.383,0,"Azuner",18.41,-50.991,0,"coder_",6.86,-66.298,0,"YukihiroD",31.382,-98.632,0,"Amellaid",-11.128,-110.761,0,"소솨소솨",-47.497,-91.142,0,0,0,0,0,0,"",0,0,0,0,4757.161,,,,0,0
103,7,1,1,2,0,1,1,0,0,0,255,255,255,42,4781.358,"눈꽃",R,27,88,140,1.064,0.955,0.289,1.998,0.305,2.092,-36.64,27.641,85,15,0,2,0,109.762,-123.687,5.098,0,0,1,4,1,R,"HalF_HearteD",190,82,0.3,3,36,W,Y,4782.347,186,96,104,77,43,145,90,36.791,25.135,-0.84,0,0.161,256.969,216.393,-300.106,0.392,-37.362,0,"甲斐野柊太",0.164,-16.99,0,"SFIDA",-21.478,-46.011,0,"柴山犬吉",-16.345,-62.808,0,"Azuner",18.333,-50.934,0,"coder_",6.844,-68.583,0,"YukihiroD",31.118,-99.139,0,"Amellaid",-11.11,-110.869,0,"소솨소솨",-47.438,-92.173,121,4777.261,-32.93,-84.043,4777.311,8,"소솨소솨",-31.685,-81.9,0,0,,,,,12,1
104,7,1,1,2,0,0,2,0,0,0,255,255,255,43,4812.433,"눈꽃",R,28,91,140,0.727,0.233,0.157,1.843,0.272,1.653,-36.64,5.772,57,43,0,2,0,29.291,-74.515,6.787,0,0,1,5,7,R,"紅さかな",172.5,86,0.402,5,36,W,Y,4813.488,223,99,128,59,41,145,117,-14.491,52.232,0.17,0,0.709,-216.927,160.733,47.579,0.046,-37.239,0,"甲斐野柊太",0.046,-16.773,0,"SFIDA",-19.995,-44.958,0,"柴山犬吉",-16.651,-62.308,0,"Azuner",19.462,-50.335,0,"coder_",7.191,-70.036,0,"YukihiroD",32.259,-96.936,0,"Amellaid",-7.923,-108.795,0,"소솨소솨",-45.139,-89.732,0,4803.094,-2.501,-21.803,0,0,"",0,0,0,0,5512.894,,,,148,3
105,7,1,1,2,0,1,2,0,0,0,255,255,255,44,5551.884,"눈꽃",R,28,84,136,1.414,-0.137,0.27,1.784,0.548,1.424,-36.64,18.012,52,48,0,2,0,48.921,-91.251,5.002,0,0,1,5,7,R,"紅さかな",172.5,86,0.402,5,35,W,Y,5552.983,254,198,123,255,0,145,116,-4.609,-82.774,0.16,0,0.404,-143.16,465.249,-168.238,0.411,-37.285,0,"甲斐野柊太",0.286,-16.776,0,"SFIDA",-19.987,-43.866,0,"柴山犬吉",-17.001,-62.562,0,"Azuner",18.473,-50.819,0,"coder_",8.165,-66.722,0,"YukihiroD",36.092,-94.314,0,"Amellaid",-7.655,-115.546,0,"소솨소솨",-46.133,-92.765,0,5542.144,8.362,-21.802,0,0,"",0,0,0,0,,,,,4,3
106,7,1,1,2,0,2,2,0,0,0,255,255,255,45,5570.65,"눈꽃",R,27,87,140,0.931,1.237,0.228,1.982,0.321,2.194,-36.64,17.671,55,45,0,4,0,56.784,-107.352,7.455,0,0,1,5,7,R,"紅さかな",172.5,86,0.402,0,35,W,Y,0,0,0,0,0,0,0,0,0,0,0,0,0,0,0,0,4.487,-37.842,0,"甲斐野柊太",-0.118,-16.773,0,"SFIDA",-22.05,-45.685,0,"柴山犬吉",-16.214,-62.976,0,"Azuner",19.561,-50.066,0,"coder_",9.482,-69.167,0,"YukihiroD",36.403,-94.934,0,"Amellaid",-4.576,-118.807,0,"소솨소솨",-49.039,-92.682,0,0,0,0,0,0,"",0,0,0,0,5560.811,,,,0,0
107,7,0,1,2,0,0,0,0,0,0,255,255,255,0,5774.249,"magimari",R,32,73,124,2.428,0.73,0.653,1.617,0.704,1.874,-36.638,27.594,0,100,0,1,0,211.086,-200,25.33,0,0,0,4,1,L,"甲斐野柊太",190,80,0.2,0,25,W,Y,0,0,0,0,0,0,0,0,0,0,0,0,0,0,0,0,0.474,-37.952,0,"HalF_HearteD",0.086,-16.878,0,"ame_3",-21.076,-45.158,0,"Pring__",-14.555,-62.739,0,"bdg06213",22.564,-48.471,0,"Rite_",15.435,-60.811,0,"alcohol500",47.346,-98.898,0,"紅さかな",0.331,-118.204,0,"Pizzallaris",-43.648,-104.45,0,0,0,0,0,0,"",0,0,0,0,5764.344,,,,0,0
108,7,0,1,2,1,0,0,0,0,0,255,255,255,1,5791.885,"magimari",R,32,84,136,1.631,0.625,0.58,1.604,0.362,1.83,-36.638,15.264,0,100,0,1,0,245.107,-198.486,35.812,0,0,0,4,1,L,"甲斐野柊太",190,80,0.2,0,26,W,Y,0,0,0,0,0,0,0,0,0,0,0,0,0,0,0,0,0.198,-38.011,0,"HalF_HearteD",0.076,-16.881,0,"ame_3",-21.143,-45.279,0,"Pring__",-14.614,-62.866,0,"bdg06213",22.603,-48.216,0,"Rite_",15.421,-60.781,0,"alcohol500",48.303,-97.827,0,"紅さかな",0.364,-118.234,0,"Pizzallaris",-43.655,-104.475,0,0,0,0,0,0,"",0,0,0,0,5781.877,,,,0,0
109,7,0,1,2,2,0,0,0,0,0,255,255,255,2,5809.298,"magimari",R,13,70,110,-0.811,-0.422,0.558,1.613,0.261,1.861,-36.638,14.173,0,100,0,0,0,-330.654,375.057,35.903,-0.63,-17.778,0,4,1,L,"甲斐野柊太",190,80,0.2,0,34,W,Y,0,0,0,0,0,0,0,0,0,0,0,0,0,0,0,0,-0.013,-38.086,0,"HalF_HearteD",-0.144,-16.933,0,"ame_3",-21.046,-45.226,0,"Pring__",-14.592,-62.761,0,"bdg06213",22.525,-48.027,0,"Rite_",15.417,-60.766,0,"alcohol500",49.279,-97.43,0,"紅さかな",0.366,-118.202,0,"Pizzallaris",-43.643,-104.484,0,0,0,0,0,0,"",0,0,0,0,5801.827,,,,0,0
110,7,0,1,2,2,1,0,0,0,0,255,255,255,3,5829.468,"magimari",R,3,62,106,-3.871,-0.5,0.621,1.549,-0.758,1.398,-36.638,19.466,0,100,0,3,0,-422.021,0,11.418,-1.103,-20.976,0,4,1,L,"甲斐野柊太",190,80,0.2,0,34,W,Y,0,0,0,0,0,0,0,0,0,0,0,0,0,0,0,0,0.13,-38.025,0,"HalF_HearteD",-0.015,-16.771,0,"ame_3",-21.121,-45.199,0,"Pring__",-14.58,-62.755,0,"bdg06213",21.055,-45.419,0,"Rite_",15.554,-61.038,0,"alcohol500",48.585,-97.569,0,"紅さかな",0.393,-118.261,0,"Pizzallaris",-43.639,-104.49,0,0,0,0,0,0,"",0,0,0,0,5823.111,,,,0,6
111,7,0,1,2,0,0,0,1,0,0,11,255,255,4,5858.103,"magimari",R,26,66,119,1.672,0.834,0.621,1.645,0.552,1.964,-36.638,36.514,0,100,0,1,0,93.529,-168.466,15.188,0,0,0,5,2,L,"SFIDA",189.4,80,0.2,0,34,W,Y,0,0,0,0,0,0,0,0,0,0,0,0,0,0,0,0,0.294,-37.744,0,"HalF_HearteD",-0.033,-16.955,0,"ame_3",-19.879,-42.752,0,"Pring__",-9.074,-61.723,0,"bdg06213",22.037,-47.73,0,"Rite_",14.953,-61.029,0,"alcohol500",49.564,-96.519,0,"紅さかな",0.121,-118.599,0,"Pizzallaris",-43.682,-104.466,0,0,0,0,0,0,"",0,0,0,0,5847.944,,,,0,0
112,7,0,1,2,1,0,0,1,0,0,11,255,255,5,5875.685,"magimari",R,10,66,109,2.379,-0.364,0.72,1.633,1.016,1.924,-36.638,50.114,0,100,0,1,0,-0.542,400,8.249,0,0,0,5,2,L,"SFIDA",189.4,80,0.2,0,34,W,Y,0,0,0,0,0,0,0,0,0,0,0,0,0,0,0,0,0.086,-37.797,0,"HalF_HearteD",0.237,-19.029,0,"ame_3",-19.693,-40.229,0,"Pring__",-4.731,-61.867,0,"bdg06213",21.249,-45.308,0,"Rite_",13.636,-62.064,0,"alcohol500",50.179,-97.358,0,"紅さかな",0.226,-118.468,0,"Pizzallaris",-43.025,-104.761,0,0,0,0,0,0,"",0,0,0,0,5865.577,,,,0,0
113,7,0,1,2,2,0,0,1,0,0,11,255,255,6,5896.113,"magimari",R,26,86,139,-1.095,0.066,0.356,1.503,-0.677,1.501,-36.638,19.483,0,100,0,0,0,136.938,-177.657,20.03,0,0,0,5,2,L,"SFIDA",189.4,80,0.2,0,34,W,Y,0,0,0,0,0,0,0,0,0,0,0,0,0,0,0,0,0.051,-37.702,0,"HalF_HearteD",0.943,-19.137,0,"ame_3",-19.875,-40.493,0,"Pring__",-3.865,-63.114,0,"bdg06213",20.873,-45.037,0,"Rite_",12.838,-61.296,0,"alcohol500",48.478,-97.662,0,"紅さかな",0.926,-119.314,0,"Pizzallaris",-42.945,-104.618,0,0,0,0,0,0,"",0,0,0,0,5885.861,5908.401,,,0,0
114,7,0,1,2,2,1,0,0,1,0,255,11,255,7,5964.23,"magimari",R,26,91,140,-1.171,0.652,0.35,1.61,-0.709,1.849,-36.638,27.976,30,70,0,2,0,136.999,-200,4.278,0,0,1,5,2,L,"SFIDA",189.4,80,0.2,3,48,W,Y,5965.135,255,126,101,70,23,145,88,12.129,19.028,-0.92,0,0.578,254.72,454.349,7.318,-0.002,-37.676,0,"HalF_HearteD",-0.111,-16.746,0,"ame_3",-21.49,-46.518,0,"Pring__",-5.472,-63.13,0,"bdg06213",19.489,-45.481,0,"Rite_",14.972,-61.638,83,"alcohol500",48.516,-95.841,0,"紅さかな",1.434,-115.707,0,"Pizzallaris",-41.363,-100.519,104,5956.244,-21.162,-70.548,5957.827,8,"Pizzallaris",-29.705,-84.537,1,0,,5965.999,5972.106,,129,2
115,7,0,1,2,0,0,0,1,0,1,12,255,11,8,5996.219,"magimari",R,13,78,116,-1.204,-0.67,0.625,1.658,0.091,1.676,-36.638,44.002,0,100,0,0,0,-364.241,342.533,20.339,0,0,0,6,6,R,"YukihiroD",173.8,87,0.35,0,34,W,Y,0,0,0,0,0,0,0,0,0,0,0,0,0,0,0,0,-0.048,-37.871,0,"HalF_HearteD",-0.072,-16.567,0,"ame_3",-20.494,-42.094,0,"Pring__",-13.431,-59.396,0,"bdg06213",19.222,-42.427,0,"Rite_",6.001,-64.108,0,"alcohol500",39.659,-96.051,0,"紅さかな",0.362,-116.193,0,"Pizzallaris",-40.932,-102.925,0,0,0,0,0,0,"",0,0,0,0,5986.094,5999.314,5998.591,,0,0
116,7,0,1,2,0,1,0,0,1,1,255,12,11,9,6013.898,"magimari",R,26,88,140,-0.325,0.868,0.431,1.634,-0.331,1.952,-36.638,29.578,18,82,0,0,0,128.654,-160.286,5.603,0,0,1,6,6,R,"YukihiroD",173.8,87,0.35,0,34,W,Y,0,0,0,0,0,0,0,0,0,0,0,0,0,0,0,0,0.249,-38.059,0,"HalF_HearteD",-0.029,-16.847,0,"ame_3",-21.501,-45.729,0,"Pring__",-14.281,-60.99,0,"bdg06213",19.374,-43.231,0,"Rite_",8.648,-63.623,0,"alcohol500",42.373,-95.38,0,"紅さかな",0.039,-116.334,0,"Pizzallaris",-41.193,-102.22,0,0,0,0,0,0,"",0,0,0,0,6003.427,6016.906,6016.442,,0,0
117,7,0,1,2,0,2,0,0,1,1,255,12,11,10,6032.921,"magimari",R,3,71,112,-2.916,-0.05,0.406,1.528,-0.447,1.577,-36.638,28.962,0,100,0,2,0,-464.244,0,2.844,0,0,1,6,6,R,"YukihiroD",173.8,87,0.35,3,34,W,Y,6034.159,199,76,80,84,51,145,126,-30,19.979,0.5,0,0.482,-147.762,-123.923,-70.11,0.024,-38.044,0,"HalF_HearteD",-0.513,-16.916,120,"ame_3",-21.35,-45.631,0,"Pring__",-13.784,-61.237,0,"bdg06213",17.912,-43.788,0,"Rite_",10.618,-63.415,0,"alcohol500",41.252,-95.133,0,"紅さかな",-7.172,-117.155,0,"Pizzallaris",-41.238,-102.108,0,6022.277,-1.097,-21.413,6024.228,3,"Pring__",-13.37,-55.26,1,16,6026.744,,6040.422,6038.847,26,2
118,7,0,1,2,0,0,1,1,0,1,16,255,12,11,6080.515,"magimari",R,26,84,136,-0.044,0.255,0.458,1.52,-0.205,1.547,-36.638,29.305,49,51,0,0,0,120.895,-200,9.33,0,0,0,7,3,R,"柴山犬吉",169.8,90.243,0.6,0,34,W,Y,0,0,0,0,0,0,0,0,0,0,0,0,0,0,0,0,0.091,-37.852,0,"HalF_HearteD",0.17,-16.804,0,"ame_3",-19.693,-43.5,0,"Pring__",-6.698,-62.832,0,"bdg06213",18.933,-41.965,0,"Rite_",9.011,-62.661,0,"alcohol500",42.265,-93.279,0,"紅さかな",-0.518,-117.6,0,"Pizzallaris",-42.991,-96.45,0,0,0,0,0,0,"",0,0,0,0,6069.728,6085.054,6083.282,,0,0
119,7,0,1,2,0,1,1,0,1,1,255,16,12,12,6102.878,"magimari",R,32,82,133,-0.871,1.236,0.37,1.684,-0.615,2.14,-36.638,25.75,13,87,0,4,0,153.483,-150.799,16.184,0,0,1,7,3,R,"柴山犬吉",169.8,90.243,0.6,0,34,W,Y,0,0,0,0,0,0,0,0,0,0,0,0,0,0,0,0,-0.094,-37.903,0,"HalF_HearteD",0.042,-16.773,0,"ame_3",-21.812,-46.273,0,"Pring__",-12.091,-63.446,0,"bdg06213",19.108,-41.651,0,"Rite_",8.204,-63.574,0,"alcohol500",45.231,-92.988,0,"紅さかな",-0.645,-116.246,0,"Pizzallaris",-43.001,-96.449,0,0,0,0,0,0,"",0,0,0,0,6091.96,,6105.557,,0,0
120,7,0,1,2,0,2,1,0,1,1,255,16,12,13,6123.933,"magimari",R,13,80,117,-4.468,-1.27,0.216,1.469,-1.33,1.363,-36.638,15.825,0,100,0,1,0,-360.825,346.129,24.603,0,0,0,7,3,R,"柴山犬吉",169.8,90.243,0.6,0,34,W,Y,0,0,0,0,0,0,0,0,0,0,0,0,0,0,0,0,-0.248,-37.84,0,"HalF_HearteD",-0.564,-16.666,0,"ame_3",-21.509,-46.073,0,"Pring__",-11.55,-59.477,0,"bdg06213",18.985,-41.868,0,"Rite_",9.13,-61.59,0,"alcohol500",43.458,-93.604,0,"紅さかな",-0.324,-118.879,0,"Pizzallaris",-42.855,-96.862,0,0,0,0,0,0,"",0,0,0,0,6113.044,6126.476,6126.95,,0,0
121,7,0,1,2,1,2,1,0,1,1,255,16,12,14,6142.915,"magimari",R,33,75,126,2.605,1.84,0.696,1.779,0.901,2.487,-36.638,60.584,74,26,0,1,0,136.877,-131.586,-0.354,0,0,0,7,3,R,"柴山犬吉",169.8,90.243,0.6,0,34,W,Y,0,0,0,0,0,0,0,0,0,0,0,0,0,0,0,0,0.299,-38.022,0,"HalF_HearteD",0.167,-16.813,0,"ame_3",-21.611,-46.174,0,"Pring__",-9.888,-64.179,0,"bdg06213",18.978,-40.976,0,"Rite_",10.241,-61.901,0,"alcohol500",46.61,-92,0,"紅さかな",-0.209,-119.209,0,"Pizzallaris",-42.697,-97.054,0,0,0,0,0,0,"",0,0,0,0,6132.077,6145.678,6145.856,,0,0
122,7,0,1,2,2,2,1,0,1,1,255,16,12,15,6164.46,"magimari",R,10,78,122,-1.368,0.805,0.627,1.74,0.58,2.346,-36.638,44.725,71,29,0,2,0,0,251.872,3.196,0,0,1,7,3,R,"柴山犬吉",169.8,90.243,0.6,3,34,W,Y,6165.57,252,120,46,63,27,135,79,4.295,-31.773,-0.73,0,0.077,322.574,-44.03,209.202,0.244,-37.658,0,"HalF_HearteD",0.114,-17.033,0,"ame_3",-21.666,-46.163,0,"Pring__",-10.717,-64.036,0,"bdg06213",18.488,-44.806,106,"Rite_",13.355,-61.029,79,"alcohol500",47.43,-94.458,105,"紅さかな",-2.046,-116.972,0,"Pizzallaris",-46.032,-99.683,0,6154.46,13.792,-41.736,6154.877,4,"bdg06213",13.766,-41.697,1,32,6157.044,6170.764,,,408,2
123,7,0,1,2,0,0,2,1,1,0,13,16,255,16,6200.708,"magimari",R,33,84,136,0.331,1.89,0.488,1.762,-0.067,2.469,-36.638,33.952,44,56,0,1,0,138.294,-117.483,6.797,0,0,0,8,7,L,"Amellaid",160,86.447,0.439,0,41,W,Y,0,0,0,0,0,0,0,0,0,0,0,0,0,0,0,0,0.119,-37.724,0,"HalF_HearteD",-0.064,-16.762,0,"ame_3",-21.079,-44.149,0,"Pring__",-8.936,-61.512,0,"bdg06213",19.908,-42.308,0,"Rite_",9.453,-60.531,0,"alcohol500",45.14,-93.915,0,"紅さかな",0.904,-111.931,0,"Pizzallaris",-42.766,-99.762,0,0,0,0,0,0,"",0,0,0,0,6189.277,6203.575,,,0,0
124,7,0,1,2,1,0,2,1,1,0,13,16,255,17,6218.765,"magimari",R,10,75,116,1.541,1.717,0.579,1.944,0.662,3.079,-36.638,45.093,67,33,0,1,0,-4.625,400,12.617,0,0,0,8,7,L,"Amellaid",160,86.447,0.439,0,41,W,Y,0,0,0,0,0,0,0,0,0,0,0,0,0,0,0,0,-0.17,-37.825,0,"HalF_HearteD",-0.072,-16.672,0,"ame_3",-20.998,-43.748,0,"Pring__",-6.507,-62.565,0,"bdg06213",19.298,-40.711,0,"Rite_",9.302,-59.999,0,"alcohol500",45.165,-93.015,0,"紅さかな",0.246,-113.356,0,"Pizzallaris",-43.344,-98.024,0,0,0,0,0,0,"",0,0,0,0,6207.361,6221.679,,,0,0
125,7,0,1,2,2,0,2,1,1,0,13,16,255,18,6235.253,"magimari",R,32,83,134,-3.657,0.208,0.1,1.512,-1.869,1.508,-36.638,10.286,0,100,0,1,0,192.607,-185.12,25.743,0,0,0,8,7,L,"Amellaid",160,86.447,0.439,0,41,W,Y,0,0,0,0,0,0,0,0,0,0,0,0,0,0,0,0,0.102,-37.723,0,"HalF_HearteD",-0.779,-17.843,0,"ame_3",-20.687,-45.185,0,"Pring__",-7.21,-62.191,0,"bdg06213",18.977,-41.303,0,"Rite_",9.165,-59.328,0,"alcohol500",45.292,-92.898,0,"紅さかな",0.395,-114.85,0,"Pizzallaris",-43.339,-98.017,0,0,0,0,0,0,"",0,0,0,0,6223.744,6238.544,,,0,0
126,7,0,1,2,3,0,2,1,1,0,13,16,255,19,6252.95,"magimari",R,26,88,140,-0.144,0.737,0.45,1.588,-0.243,1.801,-36.638,26.518,32,68,0,0,0,121.36,-182.028,4.213,0,0,0,8,7,L,"Amellaid",160,86.447,0.439,0,41,W,Y,0,0,0,0,0,0,0,0,0,0,0,0,0,0,0,0,0.121,-37.767,0,"HalF_HearteD",-0.014,-16.872,0,"ame_3",-20.259,-42.7,0,"Pring__",-6.033,-63.446,0,"bdg06213",19.28,-41.269,0,"Rite_",8.113,-60.906,0,"alcohol500",46.703,-92.572,0,"紅さかな",0.595,-115.667,0,"Pizzallaris",-42.36,-98.204,0,0,0,0,0,0,"",0,0,0,0,6241.294,6256.449,,,0,0
127,7,0,1,2,3,1,2,1,1,0,13,16,255,20,6271.859,"magimari",R,34,84,136,0.977,0.945,0.561,1.639,0.272,1.998,-36.638,31.551,28,72,0,0,0,96.321,-92.49,4.353,0,0,1,8,7,L,"Amellaid",160,86.447,0.439,0,41,W,Y,0,0,0,0,0,0,0,0,0,0,0,0,0,0,0,0,0.157,-37.729,0,"HalF_HearteD",0.159,-18.369,0,"ame_3",-20.445,-42.193,0,"Pring__",-4.952,-63.969,0,"bdg06213",19.287,-41.737,0,"Rite_",11.535,-60.147,0,"alcohol500",48.923,-92.091,0,"紅さかな",0.298,-115.16,0,"Pizzallaris",-42.363,-98.194,0,0,0,0,0,0,"",0,0,0,64,6260.194,6275.71,,,0,0
128,8,1,1,2,0,0,0,0,0,0,255,255,255,46,6327.249,"눈꽃",R,28,87,140,-0.427,0.393,0.07,1.852,-0.277,1.77,-36.64,14.077,58,42,0,2,0,64.966,-90.559,9.045,0,0,1,6,2,L,"ame_3",190,80,0.23,3,34,W,Y,6328.035,255,79,115,88,46,145,89,26.01,-18.835,0.99,0,0.258,72.788,32.95,1.562,0.116,-37.172,0,"甲斐野柊太",-0.177,-16.732,0,"SFIDA",-18.83,-45.111,0,"柴山犬吉",-16.81,-61.809,0,"Azuner",25.388,-51.24,0,"coder_",13.425,-66.893,0,"YukihiroD",39.124,-92.383,80,"Amellaid",0.48,-112.132,0,"소솨소솨",-39.973,-87.999,0,0,0,0,6319.161,6,"YukihiroD",22.532,-86.187,0,0,,,,,68,1
129,8,1,1,2,0,0,1,0,0,0,255,255,255,47,6358.043,"눈꽃",R,27,87,140,0.63,-0.218,0.162,1.679,0.155,1.34,-36.64,16.112,39,61,0,0,0,84.05,-136.856,4.899,0,0,0,7,5,R,"Rite_",170,80,0.455,0,33,W,Y,0,0,0,0,0,0,0,0,0,0,0,0,0,0,0,0,0.303,-37.438,0,"甲斐野柊太",0.048,-16.902,0,"SFIDA",-19.865,-45.235,0,"柴山犬吉",-16.635,-62.681,0,"Azuner",18.575,-49.056,0,"coder_",5.903,-63.991,0,"YukihiroD",31.163,-96.124,0,"Amellaid",-5.633,-105.618,0,"소솨소솨",-44.667,-90.622,0,0,0,0,0,0,"",0,0,0,0,6345.511,,,,0,0
130,8,1,1,2,0,1,1,0,0,0,255,255,255,48,6374.924,"눈꽃",R,28,97,140,1.079,0.147,0.149,1.762,0.393,1.597,-36.64,6.997,44,56,0,2,0,52.997,-80.664,5.758,0,0,1,7,5,R,"Rite_",170,80,0.455,3,33,W,Y,6375.887,236,98,84,75,30,145,86,61.608,17.862,-0.67,0,0.247,312.772,238.791,-186.342,0.225,-37.347,0,"甲斐野柊太",0.036,-17.021,0,"SFIDA",-19.725,-45.193,0,"柴山犬吉",-16.537,-62.755,89,"Azuner",18.494,-48.988,0,"coder_",7.278,-66.765,0,"YukihiroD",31.156,-96.144,0,"Amellaid",-5.044,-104.69,0,"소솨소솨",-47.704,-94.869,0,6367.96,-15.239,-60.81,6367.96,3,"柴山犬吉",-14.754,-59.725,0,0,,,,,132,1
131,8,1,1,2,0,0,2,0,0,0,255,255,255,49,6403.195,"눈꽃",R,34,90,140,-0.524,0.654,0.031,1.836,-0.343,1.874,-36.64,8.727,33,67,0,0,0,83.354,-81.407,6.628,0,0,0,8,6,L,"alcohol500",167.9,90.002,0.398,0,33,W,Y,0,0,0,0,0,0,0,0,0,0,0,0,0,0,0,0,0.428,-37.516,0,"甲斐野柊太",-0.275,-16.905,0,"SFIDA",-18.766,-44.495,0,"柴山犬吉",-11.605,-65.63,0,"Azuner",24.847,-50.293,0,"coder_",12.779,-63.966,0,"YukihiroD",48.25,-102.866,0,"Amellaid",2.012,-112.769,0,"소솨소솨",-38.005,-80.815,0,0,0,0,0,0,"",0,0,0,0,6390.228,,,,0,0
132,8,1,1,2,0,1,2,0,0,0,255,255,255,50,6415.301,"눈꽃",R,27,95,140,-0.497,0.359,0.048,1.812,-0.357,1.658,-36.64,1.699,46,54,0,2,0,102.043,-133.236,10.542,0,0,1,8,6,L,"alcohol500",167.9,90.002,0.398,3,33,W,Y,6416.148,164,79,100,93,60,145,123,26.113,-27.074,0.34,0,0.192,-385.414,317.416,122.438,0.473,-37.218,0,"甲斐野柊太",-0.263,-16.849,0,"SFIDA",-18.558,-44.195,0,"柴山犬吉",-11.718,-65.339,0,"Azuner",24.801,-50.24,0,"coder_",12.517,-64.209,0,"YukihiroD",47.666,-102.491,0,"Amellaid",2.003,-112.72,0,"소솨소솨",-40.167,-83.316,0,6406.377,38.617,-114.07,6406.544,6,"YukihiroD",37.492,-110.788,0,0,,,,,192,1
133,8,0,1,2,0,0,0,0,0,0,255,255,255,21,6473.415,"magimari",R,27,67,120,2.512,0.338,0.905,1.641,0.845,1.593,-36.638,46.084,0,100,0,1,0,133.213,-146.742,5.642,0,0,0,0,7,L,"Amellaid",160,86.447,0.439,0,33,W,Y,0,0,0,0,0,0,0,0,0,0,0,0,0,0,0,0,0.396,-37.714,0,"HalF_HearteD",-0.014,-16.867,0,"ame_3",-21.471,-45.688,0,"Pring__",-11.105,-61.938,0,"bdg06213",16.135,-39.895,0,"Rite_",13.686,-61.125,0,"alcohol500",45.138,-96.354,0,"紅さかな",0.48,-113.078,0,"Pizzallaris",-42.786,-100.305,0,0,0,0,0,0,"",0,0,0,0,6460.344,,,,0,0
134,8,0,1,2,1,0,0,0,0,0,255,255,255,22,6487.238,"magimari",R,10,63,107,1.671,-0.286,0.657,1.669,0.721,2.115,-36.638,25.233,2,98,0,1,0,-6.157,400,27.772,0,0,0,0,7,L,"Amellaid",160,86.447,0.439,0,33,W,Y,0,0,0,0,0,0,0,0,0,0,0,0,0,0,0,0,0.346,-37.898,0,"HalF_HearteD",-0.027,-16.885,0,"ame_3",-21.43,-45.597,0,"Pring__",-13.761,-62.913,0,"bdg06213",18.012,-42.7,0,"Rite_",12.517,-60.998,0,"alcohol500",46.56,-96.123,0,"紅さかな",0.014,-111.542,0,"Pizzallaris",-42.793,-100.302,0,0,0,0,0,0,"",0,0,0,0,6474.244,,,,0,0
135,8,0,1,2,2,0,0,0,0,0,255,255,255,23,6502.433,"magimari",R,27,91,140,-0.708,0.644,0.404,1.586,-0.454,1.795,-36.638,21.236,39,61,0,2,0,97.168,-139.149,4.33,0,0,1,0,7,L,"Amellaid",160,86.447,0.439,3,33,W,Y,6503.418,255,61,93,43,0,145,123,-30,22.351,0.5,0,0.451,-343.517,67.874,-14.263,0.153,-37.498,0,"HalF_HearteD",-0.083,-16.872,0,"ame_3",-21.369,-45.668,90,"Pring__",-13.554,-62.714,92,"bdg06213",17.698,-42.866,0,"Rite_",13.714,-59.307,0,"alcohol500",46.859,-96.221,0,"紅さかな",0.524,-111.713,0,"Pizzallaris",-42.769,-100.243,0,6489.177,-0.808,-20.271,6491.728,0,"magimari",-13.612,-61.125,0,0,,,,,66,2
136,8,0,1,2,0,0,1,0,0,0,255,255,255,24,6531.32,"magimari",R,27,98,140,-1.992,-0.012,0.288,1.502,-0.994,1.482,-36.638,12.646,35,65,0,1,0,85.558,-118.505,4.826,0,0,0,0,5,R,"coder_",169.1,80,0.299,0,33,W,Y,0,0,0,0,0,0,0,0,0,0,0,0,0,0,0,0,0.194,-37.86,0,"HalF_HearteD",-0.032,-16.825,0,"ame_3",-21.96,-45.495,0,"Pring__",-12.69,-57.707,0,"bdg06213",16.6,-48.642,0,"Rite_",8.527,-61.337,0,"alcohol500",40.187,-98.774,0,"紅さかな",-5.211,-115.267,0,"Pizzallaris",-42.121,-98.791,0,0,0,0,0,0,"",0,0,0,0,6518.461,,,,0,0
137,8,0,1,2,1,0,1,0,0,0,255,255,255,25,6548.353,"magimari",R,28,90,140,-2.108,0.03,0.281,1.519,-1.028,1.543,-36.638,13.806,33,67,0,1,0,73.908,-80.254,3.877,0,0,0,0,5,R,"coder_",169.1,80,0.299,0,33,W,Y,0,0,0,0,0,0,0,0,0,0,0,0,0,0,0,0,0.044,-37.777,0,"HalF_HearteD",-0.142,-16.922,0,"ame_3",-21.954,-45.426,0,"Pring__",-16.657,-56.344,0,"bdg06213",16.701,-47.144,0,"Rite_",10.878,-60.839,0,"alcohol500",40.605,-100.212,0,"紅さかな",-6.355,-114.99,0,"Pizzallaris",-42.608,-99.522,0,0,0,0,0,0,"",0,0,0,0,6535.427,,,,0,0
138,8,0,1,2,2,0,1,0,0,0,255,255,255,26,6564.075,"magimari",R,13,79,118,-1.384,-0.322,0.612,1.739,-0.094,1.835,-36.638,32.203,31,69,0,2,0,-309.377,311.923,15.876,0,0,1,0,5,R,"coder_",169.1,80,0.299,3,33,W,Y,6565.195,245,109,128,138,52,145,84,-30,59.811,0.98,0,0.391,343.026,-233.927,91.581,0.232,-37.774,0,"HalF_HearteD",-0.144,-16.925,0,"ame_3",-21.769,-45.524,0,"Pring__",-16.227,-60.554,0,"bdg06213",16.122,-46.458,0,"Rite_",10.791,-60.712,0,"alcohol500",41.7,-100.154,0,"紅さかな",-5.869,-115.405,0,"Pizzallaris",-42.611,-99.515,0,6551.011,-2.597,-21.937,0,0,"",0,0,0,0,,,,,0,3
139,8,0,1,2,2,1,1,0,0,0,255,255,255,27,6582.17,"magimari",R,27,91,140,-0.953,0.297,0.384,1.553,-0.549,1.665,-36.638,24.882,30,70,0,2,0,88.889,-107.259,2.081,0,0,1,0,5,R,"coder_",169.1,80,0.299,3,33,W,Y,6583.22,242,78,152,77,32,145,82,29.071,55.541,0.99,0,0.4,357.362,-15.318,-22.569,0.081,-37.605,0,"HalF_HearteD",-0.184,-16.939,0,"ame_3",-22.283,-45.627,0,"Pring__",-17.867,-60.27,0,"bdg06213",17.82,-47.255,0,"Rite_",10.666,-61.401,0,"alcohol500",41.847,-100.782,0,"紅さかな",-8.077,-115.465,0,"Pizzallaris",-41.74,-99.081,0,6572.811,-41.061,-48.669,0,0,"",0,0,0,0,,,,,0,3
140,8,0,1,2,2,2,1,0,0,0,255,255,255,28,6600.84,"magimari",R,33,83,134,-0.53,0.537,0.408,1.595,-0.438,1.818,-36.638,30.868,12,88,0,2,0,134.644,-82.471,-0.617,0,0,1,0,5,R,"coder_",169.1,80,0.299,3,33,W,Y,6601.929,129,70,125,50,41,139,93,4.771,14.778,-0.07,0,0.343,-119.758,492.476,258.787,-0.199,-37.507,0,"HalF_HearteD",-0.375,-16.93,0,"ame_3",-22.177,-46.198,86,"Pring__",-17.933,-60.099,108,"bdg06213",16.444,-46.302,0,"Rite_",11.609,-60.011,0,"alcohol500",43.485,-98.093,0,"紅さかな",-5.223,-116.535,0,"Pizzallaris",-41.488,-100.801,0,6588.827,-8.353,-47.464,6589.944,3,"Pring__",-12.096,-56.875,0,0,,,,,66,2
141,8,0,1,2,0,0,2,0,0,0,255,255,255,29,6626.361,"magimari",R,32,64,117,1.813,0.732,0.648,1.696,0.473,1.927,-36.638,53.104,30,70,0,1,0,173.378,-138.825,4.095,0,0,0,1,4,L,"Azuner",190,80,0.348,0,33,W,Y,0,0,0,0,0,0,0,0,0,0,0,0,0,0,0,0,-0.129,-37.787,0,"HalF_HearteD",-0.123,-16.846,0,"ame_3",-21.162,-46.049,0,"Pring__",-9.35,-63.092,0,"bdg06213",21.7,-47.006,0,"Rite_",13.604,-61.599,0,"alcohol500",49.471,-96.524,0,"紅さかな",6.975,-119.35,0,"Pizzallaris",-38.175,-106.197,0,0,0,0,0,0,"",0,0,0,0,6613.544,,,,0,0
142,8,0,1,2,1,0,2,0,0,0,255,255,255,30,6642.412,"magimari",R,27,93,140,-1.944,-0.237,0.29,1.458,-0.985,1.358,-36.638,13.751,33,67,0,1,0,94.508,-124.69,8.662,0,0,0,1,4,L,"Azuner",190,80,0.348,0,33,W,Y,0,0,0,0,0,0,0,0,0,0,0,0,0,0,0,0,-0.049,-37.929,0,"HalF_HearteD",-0.119,-16.826,0,"ame_3",-21.207,-46.032,0,"Pring__",-10.484,-63.918,0,"bdg06213",20.608,-46.215,0,"Rite_",13.591,-61.573,0,"alcohol500",49.903,-97.581,0,"紅さかな",6.782,-119.99,0,"Pizzallaris",-38.173,-106.19,0,0,0,0,0,0,"",0,0,0,0,6629.494,,,,0,0
143,8,0,1,2,2,0,2,0,0,0,255,255,255,31,6657.191,"magimari",R,33,88,140,2.085,1.05,0.66,1.716,0.736,2.193,-36.638,32.307,41,59,0,1,0,111.319,-89.831,5.806,0,0,0,1,4,L,"Azuner",190,80,0.348,0,33,W,Y,0,0,0,0,0,0,0,0,0,0,0,0,0,0,0,0,0.441,-37.804,0,"HalF_HearteD",-0.102,-16.831,0,"ame_3",-21.237,-46.041,0,"Pring__",-11.767,-63.688,0,"bdg06213",21.528,-47.029,0,"Rite_",13.617,-61.604,0,"alcohol500",50.297,-98.687,0,"紅さかな",7.38,-120.332,0,"Pizzallaris",-38.185,-106.187,0,0,0,0,0,0,"",0,0,0,0,6644.261,,,,0,0
144,8,0,1,2,3,0,2,0,0,0,255,255,255,32,6670.284,"magimari",R,10,75,116,0.642,0.381,0.559,1.76,0.263,2.335,-36.638,30.877,32,68,0,0,0,-0.008,398.332,21.756,0,0,1,1,4,L,"Azuner",190,80,0.348,0,33,W,Y,0,0,0,0,0,0,0,0,0,0,0,0,0,0,0,0,0.204,-37.924,0,"HalF_HearteD",-0.102,-16.871,0,"ame_3",-21.34,-46.037,0,"Pring__",-9.29,-63.87,0,"bdg06213",20.934,-46.837,0,"Rite_",13.686,-61.331,0,"alcohol500",50.769,-98.644,0,"紅さかな",7.359,-120.324,0,"Pizzallaris",-38.188,-106.187,0,0,0,0,0,0,"",0,0,0,0,6657.494,,,,0,0
145,8,0,1,2,3,1,2,0,0,0,255,255,255,33,6684.677,"magimari",R,33,86,140,-0.286,0.183,0.436,1.545,-0.306,1.64,-36.638,17.83,28,72,0,0,0,123.205,-102.101,6.356,0,0,1,1,4,L,"Azuner",190,80,0.348,0,33,W,Y,0,0,0,0,0,0,0,0,0,0,0,0,0,0,0,0,0.248,-37.844,0,"HalF_HearteD",-0.092,-16.916,0,"ame_3",-21.251,-45.995,0,"Pring__",-11.559,-62.74,0,"bdg06213",22.106,-47.962,0,"Rite_",13.815,-61.116,0,"alcohol500",50.903,-98.901,0,"紅さかな",6.894,-120.434,0,"Pizzallaris",-38.172,-106.227,0,0,0,0,0,0,"",0,0,0,0,6671.761,,,,0,0
146,8,0,1,2,3,2,2,0,0,0,255,255,255,34,6702.625,"magimari",R,28,87,140,-0.518,-0.1,0.424,1.49,-0.362,1.462,-36.638,22.04,35,65,0,2,0,74.299,-87.308,4.131,0,0,1,1,4,L,"Azuner",190,80,0.348,3,33,W,Y,6703.727,255,128,110,62,29,145,107,27.168,-11.612,0,0,0.328,212.621,-57.62,-275.48,0.024,-37.544,0,"HalF_HearteD",-0.15,-16.882,0,"ame_3",-21.316,-45.992,0,"Pring__",-13.765,-63.412,0,"bdg06213",22.475,-48.674,0,"Rite_",13.803,-60.873,0,"alcohol500",50.701,-98.312,0,"紅さかな",8.287,-119.971,100,"Pizzallaris",-38.116,-107.088,0,6694.161,20.803,-109.255,6694.261,7,"紅さかな",19.919,-105.437,0,0,,,,,36,1
147,9,1,1,2,0,0,0,0,0,0,255,255,255,51,6768.369,"눈꽃",R,13,64,106,1.635,0.247,0.576,1.954,1.427,2.225,-36.64,23.944,46,54,0,1,0,-376.237,312.348,3.677,0,0,0,0,8,R,"Pizzallaris",167.4,85.912,0.402,0,42,W,Y,0,0,0,0,0,0,0,0,0,0,0,0,0,0,0,0,0.566,-37.44,0,"甲斐野柊太",0.11,-16.787,0,"SFIDA",-19.848,-44.992,0,"柴山犬吉",-16.553,-62.776,0,"Azuner",19.063,-50.338,0,"coder_",7.742,-65.667,0,"YukihiroD",34.226,-99.177,0,"Amellaid",-3.403,-112.464,0,"소솨소솨",-49.702,-94.896,0,0,0,0,0,0,"",0,0,0,0,6755.461,,,,0,0
148,9,1,1,2,1,0,0,0,0,0,255,255,255,52,6781.793,"눈꽃",R,27,90,140,2.259,0.043,0.343,1.8,0.835,1.497,-36.64,19.401,43,57,0,1,0,101.982,-116.799,6.506,0,0,0,0,8,R,"Pizzallaris",167.4,85.912,0.402,0,42,W,Y,0,0,0,0,0,0,0,0,0,0,0,0,0,0,0,0,0.28,-37.543,0,"甲斐野柊太",0.106,-16.973,0,"SFIDA",-20.002,-44.784,0,"柴山犬吉",-16.53,-62.752,0,"Azuner",18.984,-50.229,0,"coder_",7.421,-66.31,0,"YukihiroD",34.372,-98.996,0,"Amellaid",-3.402,-112.387,0,"소솨소솨",-47.288,-92.324,0,0,0,0,0,0,"",0,0,0,0,6768.711,,,,0,0
149,9,1,1,2,2,0,0,0,0,0,255,255,255,53,6796.903,"눈꽃",R,27,90,140,0.828,0.66,0.225,1.899,0.215,1.832,-36.64,19.147,53,47,0,2,0,102.276,-122.078,6.149,0,0,1,0,8,R,"Pizzallaris",167.4,85.912,0.402,3,42,W,Y,6797.992,136,255,122,85,0,142,98,104.2,-52.167,0.05,0.095,0.242,42.233,-142.813,19.904,0.118,-37.478,0,"甲斐野柊太",0.04,-16.867,0,"SFIDA",-19.656,-44.652,0,"柴山犬吉",-16.613,-62.781,0,"Azuner",18.902,-50.154,0,"coder_",9.189,-64.945,0,"YukihiroD",34.369,-98.998,0,"Amellaid",-3.434,-112.521,0,"소솨소솨",-44.964,-92.482,0,0,0,0,0,0,"",0,0,0,0,,,,,4,3
150,9,1,1,2,2,1,0,0,0,0,255,255,255,54,6815.111,"눈꽃",R,27,86,140,1.018,0.622,0.245,1.9,0.337,1.826,-36.64,21.271,56,44,0,0,0,72.966,-106.364,6.092,0,0,1,0,8,R,"Pizzallaris",167.4,85.912,0.402,0,42,W,Y,0,0,0,0,0,0,0,0,0,0,0,0,0,0,0,0,0.003,-37.448,0,"甲斐野柊太",0.01,-16.902,0,"SFIDA",-19.75,-42.463,0,"柴山犬吉",-15.783,-62.967,0,"Azuner",19.508,-50.719,0,"coder_",6.952,-65.478,0,"YukihiroD",35.464,-98.927,0,"Amellaid",-4.205,-114.775,0,"소솨소솨",-46.617,-90.724,0,0,0,0,0,0,"",0,0,0,0,6801.994,,,,0,0
151,9,1,1,2,2,2,0,0,0,0,255,255,255,55,6828.551,"눈꽃",R,28,88,140,0.799,0.509,0.256,1.891,0.231,1.783,-36.64,17.519,44,56,0,2,0,80.119,-86.32,6.321,0,0,1,0,8,R,"Pizzallaris",167.4,85.912,0.402,3,42,W,Y,6829.669,174,138,75,72,0,145,81,27.945,15.709,-0.87,0,0.169,89.629,40.512,-58.658,0.228,-37.285,0,"甲斐野柊太",0.074,-16.878,0,"SFIDA",-19.228,-44.495,0,"柴山犬吉",-16.308,-62.826,0,"Azuner",19.117,-50.421,0,"coder_",9.432,-64.481,74,"YukihiroD",34.952,-99.152,0,"Amellaid",-4.215,-114.708,0,"소솨소솨",-47.606,-92.854,0,6819.827,-18.509,-83.847,6821.177,7,"Amellaid",-21.164,-92.747,1,0,,,,,261,2
152,9,1,1,2,0,0,0,1,0,0,8,255,255,56,6858.891,"눈꽃",R,34,92,140,-1.155,-0.284,0.111,1.86,-0.636,1.34,-36.64,19.047,42,58,0,0,0,94.525,-90.022,5.215,0,0,0,1,3,L,"Pring__",175.7,88.36,0.485,0,33,W,Y,0,0,0,0,0,0,0,0,0,0,0,0,0,0,0,0,0.163,-37.428,0,"甲斐野柊太",-0.7,-17.864,0,"SFIDA",-20.183,-40.581,0,"柴山犬吉",-6.22,-61.466,0,"Azuner",25.375,-51.082,0,"coder_",11.685,-64.09,0,"YukihiroD",47.624,-102.52,0,"Amellaid",3.682,-113.724,0,"소솨소솨",-40.714,-90.15,0,0,0,0,0,0,"",0,0,0,0,6845.728,,,,0,0
153,9,1,1,2,0,1,0,1,0,0,8,255,255,57,6919.165,"눈꽃",R,28,85,137,-1.59,-0.63,-0.083,1.646,-0.779,1.161,-36.64,9.222,39,61,0,2,0,63.005,-73.011,11.812,0,0,1,1,3,L,"Pring__",175.7,88.36,0.485,3,33,W,Y,6919.997,255,171,120,108,83,145,110,25.384,16.466,0.13,0,0.503,312.972,-509.366,-6.191,-0.039,-37.112,0,"甲斐野柊太",-0.276,-17.088,0,"SFIDA",-18.463,-42.02,0,"柴山犬吉",-8.846,-61.783,0,"Azuner",25.351,-51.007,0,"coder_",13.154,-65.075,0,"YukihiroD",48.034,-100.676,0,"Amellaid",3.938,-113.903,0,"소솨소솨",-41.122,-87.982,0,6910.594,-17.317,-116.453,6913.994,7,"Amellaid",-18.801,-133.69,1,0,6922.327,6925.693,6930.372,6935.378,404,2
154,9,1,2,2,0,0,0,0,1,0,255,3,255,58,6958.156,"눈꽃",R,27,89,140,-1.617,-0.241,-0.013,1.74,-0.855,1.348,-36.64,8.608,43,57,0,2,0,110.135,-119.696,8.096,0,0,1,2,9,L,"-Alta-",190,84,0.479,3,49,W,Y,6958.955,221,188,173,56,25,145,90,31.869,-6.466,-0.82,0,0.603,232.144,-9.515,-20.424,0.073,-37.23,0,"甲斐野柊太",-0.182,-16.522,0,"SFIDA",-19.39,-45.607,0,"柴山犬吉",-8.822,-62.74,0,"Azuner",24.657,-50.286,85,"coder_",14.938,-66.973,0,"YukihiroD",43.615,-98.086,0,"Amellaid",5.094,-118.388,0,"소솨소솨",-44.842,-94.342,0,6949.277,8.264,-92.368,6949.827,7,"Amellaid",8.499,-93.861,1,0,,6961.16,6967.983,,262,2
155,9,1,2,2,0,0,0,1,0,1,9,255,3,59,6995.813,"눈꽃",R,10,74,116,-2.278,-0.864,0.045,1.851,-0.932,1.531,-36.64,9.219,40,60,0,2,0,-34.977,386.166,15.271,0,0,0,3,4,R,"bdg06213",189.9,80,0.502,3,33,W,Y,6996.904,223,76,123,102,97,145,125,-30,35.039,0.74,0,0.364,185.884,177.376,208.627,-0.012,-37.33,0,"甲斐野柊太",-0.425,-16.92,119,"SFIDA",-18.956,-43.544,97,"柴山犬吉",-13.181,-58.964,0,"Azuner",17.047,-48.628,0,"coder_",8.795,-60.87,99,"YukihiroD",33.786,-98.698,0,"Amellaid",-5.624,-113.77,0,"소솨소솨",-43.587,-89.582,0,6982.394,-1.196,-21.603,6983.577,2,"SFIDA",-15.392,-41.824,1,4,6989.361,7002.62,6999.814,,53,2
156,9,1,2,2,0,0,1,1,0,1,4,255,3,60,7047.423,"눈꽃",R,33,96,140,-4.085,-2.139,-0.12,1.546,-1.924,0.181,-36.64,17.5,34,66,0,1,0,107.667,-90.386,8.191,-0.795,-19.169,0,4,1,R,"HalF_HearteD",190,82,0.3,0,33,W,Y,0,0,0,0,0,0,0,0,0,0,0,0,0,0,0,0,0.18,-37.614,0,"甲斐野柊太",-1.458,-17.164,0,"SFIDA",-19.744,-40.674,0,"柴山犬吉",-14.787,-60.312,0,"Azuner",18.324,-48.327,0,"coder_",3.156,-64.46,0,"YukihiroD",34.759,-100.665,0,"Amellaid",-11.766,-111.497,0,"소솨소솨",-49.126,-93.272,0,0,0,0,0,0,"",0,0,0,0,7034.228,,7049.493,,0,0
157,9,1,2,2,1,0,1,1,0,1,4,255,3,61,7064.83,"눈꽃",R,4,73,119,0.718,0.216,0.39,1.815,0.67,1.737,-36.64,17.191,41,59,0,2,0,-220.414,0,1.235,0,0,1,4,1,R,"HalF_HearteD",190,82,0.3,3,33,W,Y,7065.967,255,75,91,117,70,145,91,54.697,45.019,-0.8,0,0.112,145.719,8.658,133.154,0.231,-37.229,0,"甲斐野柊太",-0.162,-16.729,0,"SFIDA",-18.16,-42.976,0,"柴山犬吉",-14.002,-60.527,0,"Azuner",17.104,-50.293,0,"coder_",9.104,-63.614,0,"YukihiroD",34.739,-100.603,0,"Amellaid",-6.787,-111.377,0,"소솨소솨",-48.392,-93.986,95,7056.711,-47.259,-65.711,7057.877,8,"소솨소솨",-51.308,-68.457,0,0,,,7068.214,,12,2
158,9,1,2,2,1,1,1,1,0,1,4,255,3,62,7091.565,"눈꽃",R,28,86,139,1.5,-0.035,0.278,1.79,0.519,1.495,-36.64,19.223,35,65,0,2,0,91.762,-96.623,4.519,0,0,1,4,1,R,"HalF_HearteD",190,82,0.3,3,37,W,Y,7092.644,233,145,112,111,59,145,130,32.759,-2.548,0.52,0,0.152,-1.179,-185.146,75.548,0.082,-37.182,0,"甲斐野柊太",0.21,-17.011,0,"SFIDA",-17.542,-44.287,0,"柴山犬吉",-12.836,-60.451,0,"Azuner",16.964,-50.17,0,"coder_",8.246,-64.637,0,"YukihiroD",33.886,-97.602,0,"Amellaid",-7.273,-108.914,94,"소솨소솨",-43.638,-89.478,0,7083.661,10.446,-133.844,7084.944,7,"Amellaid",10.668,-131.629,1,0,,7100.547,7094.501,7101.891,262,2
159,9,1,3,2,0,0,1,1,1,0,1,4,255,63,7124.472,"눈꽃",R,13,73,114,-2.168,-1.231,0.122,1.828,-0.649,1.412,-36.64,13.863,17,83,0,1,0,-167.538,376.003,13.667,0,0,0,5,7,R,"紅さかな",172.5,86,0.402,0,32,W,Y,0,0,0,0,0,0,0,0,0,0,0,0,0,0,0,0,0.195,-37.635,0,"甲斐野柊太",-0.31,-17.231,0,"SFIDA",-19.507,-43.016,0,"柴山犬吉",-13.568,-59.456,0,"Azuner",19.046,-49.967,0,"coder_",6.269,-64.909,0,"YukihiroD",34.445,-96.474,0,"Amellaid",-8.546,-114.131,0,"소솨소솨",-41.483,-87.438,0,0,0,0,0,0,"",0,0,0,0,7111.344,7126.847,,,0,0
160,9,1,3,2,1,0,1,1,1,0,1,4,255,64,7142.119,"눈꽃",R,27,83,134,1.231,0.389,0.165,1.797,0.452,1.696,-36.64,9.588,45,55,0,2,0,54.925,-119.595,12.386,0,0,1,5,7,R,"紅さかな",172.5,86,0.402,5,32,W,Y,7143.181,173,145,122,100,77,145,126,13.222,-39.313,0.61,0,0.293,-222.61,151.55,-25.407,0.113,-37.247,0,"甲斐野柊太",-0.092,-16.967,0,"SFIDA",-17.615,-44.067,0,"柴山犬吉",-13.56,-59.29,0,"Azuner",19.454,-49.506,0,"coder_",9.622,-65.578,0,"YukihiroD",33.95,-96.535,93,"Amellaid",-5.782,-114.689,0,"소솨소솨",-42.032,-87.518,0,7131.661,52.649,-88.444,7134.478,6,"YukihiroD",56.401,-102.317,1,0,,7148.431,7148.392,7153.627,70,2
161,9,1,4,2,0,0,1,0,1,1,255,7,1,65,7224.457,"눈꽃",R,22,67,112,-1.736,-0.017,0.189,1.95,-0.344,1.914,-36.64,23.937,12,88,0,2,0,-230.176,249.042,11.729,0,0,1,6,2,L,"ame_3",190,80,0.23,3,32,W,Y,7225.328,255,172,114,107,77,145,91,-11.904,25.419,-0.79,0,0.495,-21.593,547.675,183.172,0.162,-37.162,0,"甲斐野柊太",-0.177,-16.713,120,"SFIDA",-18.575,-45.847,85,"柴山犬吉",-13.026,-61.499,0,"Azuner",23.682,-49.344,0,"coder_",13.987,-63.002,85,"YukihiroD",48.277,-93.635,0,"Amellaid",3.135,-114.456,0,"소솨소솨",-39.953,-86.405,0,7210.828,-2.194,-23.579,7212.361,2,"SFIDA",-13.759,-46.602,1,32,7214.677,7232.413,7229.832,,53,2
162,9,1,4,2,0,0,2,1,0,1,2,255,1,66,7256.338,"눈꽃",R,33,91,140,-2.056,-0.914,-0.09,1.648,-1.056,0.983,-36.64,7.796,42,58,0,1,0,118.834,-99.233,8.092,0.914,-18.066,0,7,5,R,"Rite_",170,80,0.455,0,32,W,Y,0,0,0,0,0,0,0,0,0,0,0,0,0,0,0,0,0.18,-37.531,0,"甲斐野柊太",-0.421,-17.261,0,"SFIDA",-19.65,-42.196,0,"柴山犬吉",-16.32,-62.912,0,"Azuner",19.587,-45.964,0,"coder_",7.476,-65.844,0,"YukihiroD",39.715,-96.09,0,"Amellaid",-5.719,-109.761,0,"소솨소솨",-43.187,-88.127,0,0,0,0,0,0,"",0,0,0,0,7245.211,,7258.664,,0,0
163,9,1,4,2,1,0,2,1,0,1,2,255,1,67,7275.528,"눈꽃",R,3,63,106,-2.99,-0.184,0.153,1.813,-0.483,1.777,-36.64,12.402,34,66,0,2,0,-421.249,175.732,4.794,0,0,1,7,5,R,"Rite_",170,80,0.455,3,32,W,Y,7276.573,255,121,112,114,46,145,82,-30,51.263,0.99,0,0.422,-45.399,-280.15,-278.943,0.19,-37.209,0,"甲斐野柊太",-0.967,-16.609,0,"SFIDA",-19.098,-43.257,0,"柴山犬吉",-16.312,-62.878,0,"Azuner",17.646,-49.622,0,"coder_",9.76,-65.121,0,"YukihiroD",36.633,-96.572,0,"Amellaid",-4.574,-109.695,0,"소솨소솨",-42.804,-88.347,0,7261.961,-2.223,-21.725,7263.611,2,"SFIDA",-18.82,-38.64,0,0,,,,,36,2
164,9,1,4,2,1,1,2,1,0,1,2,255,1,68,7346.408,"눈꽃",R,13,77,115,-1.504,-1.504,0.209,1.761,0.249,1.388,-36.64,14.679,32,68,0,2,0,-350.263,356.813,19.447,0,0,1,7,5,R,"Rite_",170,80,0.455,3,54,W,Y,7347.565,251,166,114,74,63,145,126,-7.824,20.452,0.4,0,0.321,-233.95,506.603,-137.181,0.054,-37.191,0,"甲斐野柊太",-0.147,-16.807,0,"SFIDA",-18.828,-43.459,0,"柴山犬吉",-16.439,-62.795,99,"Azuner",18.952,-48.969,0,"coder_",9.961,-66.307,0,"YukihiroD",39.216,-97.5,0,"Amellaid",-10.573,-112.492,0,"소솨소솨",-47.786,-91.872,0,7332.494,-1.273,-22.858,7334.061,3,"柴山犬吉",-14.3,-57.702,0,0,7417.228,7352.818,,7352.476,180,2
165,9,0,4,2,0,0,0,0,0,0,255,255,255,0,7566.08,"-Alta-",L,32,84,137,0.708,0.927,-0.264,1.275,0.642,2.221,-36.693,15.912,0,65,35,0,0,-231.681,9.49,-22.3,0,0,0,2,0,L,"눈꽃",190,85,0.597,0,32,W,Y,0,0,0,0,0,0,0,0,0,0,0,0,0,0,0,0,0.014,-36.626,0,"HalF_HearteD",-0.109,-16.947,0,"ame_3",-21.196,-45.432,0,"Pring__",-14.351,-63.475,0,"bdg06213",23.174,-49.113,0,"Rite_",13.818,-62.034,0,"alcohol500",45.799,-99.453,0,"紅さかな",-0.014,-119.398,0,"Pizzallaris",-42.474,-107.671,0,0,0,0,0,0,"",0,0,0,0,7552.111,,,,0,0
166,9,0,4,2,0,1,0,0,0,0,255,255,255,1,7584.001,"-Alta-",L,32,77,128,-1.865,-0.975,-0.674,1.007,-1.12,1.533,-36.693,56.881,0,18,82,2,0,-250,138.05,-10.118,0,0,1,2,0,L,"눈꽃",190,85,0.597,3,32,W,Y,7584.985,255,98,91,89,23,145,91,100.09,-75.206,-0.79,0,0.433,352.123,406.104,-216.315,-0.1,-36.945,0,"HalF_HearteD",-0.222,-16.997,0,"ame_3",-21.152,-45.44,0,"Pring__",-14.309,-63.117,0,"bdg06213",21.819,-48.015,0,"Rite_",14.124,-62.5,0,"alcohol500",44.762,-99.834,0,"紅さかな",-0.017,-119.78,0,"Pizzallaris",-42.466,-107.659,0,0,0,0,0,0,"",0,0,0,0,,,,,4,3
167,9,0,4,2,0,2,0,0,0,0,255,255,255,2,7601.618,"-Alta-",L,3,77,116,-0.291,-0.656,-0.598,0.968,-0.91,1.225,-36.693,45.975,0,8,92,0,0,459.275,0,-9.617,0,0,1,2,0,L,"눈꽃",190,85,0.597,0,32,W,Y,0,0,0,0,0,0,0,0,0,0,0,0,0,0,0,0,0.009,-37.119,0,"HalF_HearteD",-0.147,-16.71,0,"ame_3",-21.87,-44.345,0,"Pring__",-13.664,-60.771,0,"bdg06213",21.606,-48.054,0,"Rite_",14.811,-61.64,0,"alcohol500",45.828,-99.022,0,"紅さかな",1.066,-115.93,0,"Pizzallaris",-42.822,-109.481,0,0,0,0,0,0,"",0,0,0,0,7587.694,,,,0,0
168,9,0,4,2,0,0,1,0,0,0,255,255,255,3,7625.369,"-Alta-",L,32,85,137,3.539,0.012,-0.011,1.097,1.817,1.644,-36.693,17.43,0,69,31,1,0,-198.131,6.694,-27.118,0,0,0,3,8,R,"소솨소솨",185.4,80,0.396,0,32,W,Y,0,0,0,0,0,0,0,0,0,0,0,0,0,0,0,0,0.147,-36.905,0,"HalF_HearteD",0.104,-16.826,0,"ame_3",-22.071,-46.035,0,"Pring__",-15.357,-60.117,0,"bdg06213",16.119,-49.157,0,"Rite_",9.348,-61.482,0,"alcohol500",44.732,-99.632,0,"紅さかな",-1.203,-117.36,0,"Pizzallaris",-41.025,-101.931,0,0,0,0,0,0,"",0,0,0,0,7611.394,,,,0,0
169,9,0,4,2,1,0,1,0,0,0,255,255,255,4,7643.301,"-Alta-",L,32,80,130,-1.333,-0.062,-0.443,1.093,-0.19,1.63,-36.693,37.296,0,27,73,2,0,-250,36.903,-19.758,0,0,1,3,8,R,"소솨소솨",185.4,80,0.396,3,32,W,Y,7644.312,241,61,101,0,18,134,89,11.348,53.138,0.95,0,0.531,-163.763,518.398,-253.861,-0.074,-37.04,0,"HalF_HearteD",0.022,-16.768,0,"ame_3",-22.065,-45.989,0,"Pring__",-14.5,-62.498,0,"bdg06213",18.92,-47.807,0,"Rite_",9.321,-61.413,0,"alcohol500",42.113,-103.14,0,"紅さかな",-1.082,-117.408,0,"Pizzallaris",-39.59,-102.833,0,7630.761,-31.217,-40.53,0,0,"",0,0,0,0,,,,,4,3
170,9,0,4,2,1,1,1,0,0,0,255,255,255,5,7664.181,"-Alta-",L,32,72,124,-2.655,-0.569,-0.561,0.997,-0.739,1.313,-36.693,44.201,0,21,79,2,0,-250,30.453,-18.32,0,0,1,3,8,R,"소솨소솨",185.4,80,0.396,3,32,W,Y,7665.233,255,102,33,71,0,118,115,110.066,-29.712,0.6,0,0.485,252.156,529.615,91.306,-0.037,-36.78,0,"HalF_HearteD",-0.323,-16.879,0,"ame_3",-22.538,-46.147,0,"Pring__",-14.977,-62.433,0,"bdg06213",18.709,-48.957,0,"Rite_",9.636,-60.615,0,"alcohol500",40.685,-103.522,0,"紅さかな",-0.509,-117.281,0,"Pizzallaris",-40.193,-102.122,0,0,0,0,0,0,"",0,0,0,0,,,,,4,3
171,9,0,4,2,1,2,1,0,0,0,255,255,255,6,7682.479,"-Alta-",L,3,79,117,3.991,-0.15,-0.204,1.066,0.92,1.542,-36.693,23.07,0,13,87,1,0,475.693,0,-15.832,0,0,0,3,8,R,"소솨소솨",185.4,80,0.396,0,46,W,Y,0,0,0,0,0,0,0,0,0,0,0,0,0,0,0,0,0.03,-36.899,0,"HalF_HearteD",0.224,-16.802,0,"ame_3",-22.805,-46.471,0,"Pring__",-14.881,-62.065,0,"bdg06213",16.594,-46.286,0,"Rite_",8.341,-61.741,0,"alcohol500",45.569,-101.256,0,"紅さかな",-0.781,-116.713,0,"Pizzallaris",-40.495,-102.954,0,0,0,0,0,0,"",0,0,0,0,7668.644,,,,0,0
172,9,0,4,2,2,2,1,0,0,0,255,255,255,7,7699.605,"-Alta-",L,32,82,133,-1.22,1.025,-0.435,1.278,-0.154,2.244,-36.693,34.181,0,57,43,2,0,-250,-11.469,-21.346,0,0,1,3,8,R,"소솨소솨",185.4,80,0.396,3,46,W,Y,7700.683,255,84,135,0,33,138,103,25.583,42.385,0.9,0,0.475,-88.275,144.682,-24.928,0.026,-37.424,0,"HalF_HearteD",-0.024,-16.862,0,"ame_3",-22.791,-46.451,0,"Pring__",-14.807,-63.331,0,"bdg06213",16.555,-49.356,0,"Rite_",8.815,-61.417,85,"alcohol500",44.231,-100.563,0,"紅さかな",-0.199,-116.667,0,"Pizzallaris",-40.501,-102.957,0,7689.461,-58.218,-78.435,7692.944,8,"Pizzallaris",-72.784,-92.577,1,0,,7711,,,135,2
173,9,0,4,2,0,0,1,0,1,0,255,18,255,8,7736.064,"-Alta-",L,32,79,129,-3.207,-0.469,-0.62,1.031,-1.013,1.429,-36.693,45.796,0,15,85,4,0,-208.301,5.191,-16.295,-0.195,-21.268,1,4,1,L,"甲斐野柊太",190,80,0.2,0,32,W,Y,0,0,0,0,0,0,0,0,0,0,0,0,0,0,0,0,0.042,-37.944,0,"HalF_HearteD",-0.142,-16.838,0,"ame_3",-21.408,-46.08,0,"Pring__",-7.396,-63.67,0,"bdg06213",20.348,-44.754,0,"Rite_",12.581,-62.591,0,"alcohol500",45.213,-101.812,0,"紅さかな",-0.599,-117.658,0,"Pizzallaris",-42.284,-109.465,0,0,0,0,0,0,"",0,0,0,0,7724.944,7738.884,,,0,0
174,9,0,4,2,0,1,1,0,1,0,255,18,255,9,7759.867,"-Alta-",L,32,74,125,-2.03,-0.794,-0.509,0.934,-0.5,1.117,-36.693,38.63,0,4,96,3,0,-177.742,-2.239,-10.199,0.126,-20.575,0,4,1,L,"甲斐野柊太",190,80,0.2,0,32,W,Y,0,0,0,0,0,0,0,0,0,0,0,0,0,0,0,0,-0.271,-36.912,0,"HalF_HearteD",-0.122,-16.99,0,"ame_3",-21.359,-46.142,0,"Pring__",-5.996,-61.101,0,"bdg06213",21.054,-44.848,0,"Rite_",14.134,-60.101,0,"alcohol500",47.717,-99.232,0,"紅さかな",-0.683,-117.681,0,"Pizzallaris",-42.298,-109.485,0,0,0,0,0,0,"",0,0,0,0,7748.644,,,,0,6
175,9,0,4,2,0,0,1,1,1,0,11,18,255,10,7817.592,"-Alta-",L,3,74,117,0.336,-0.909,-0.487,0.919,-0.396,1.067,-36.693,46.771,0,7,93,0,0,321.484,0,-4.395,0,0,0,5,2,L,"SFIDA",189.4,80,0.2,0,32,W,Y,0,0,0,0,0,0,0,0,0,0,0,0,0,0,0,0,0.03,-36.75,0,"HalF_HearteD",0.222,-16.843,0,"ame_3",-21.9,-43.113,0,"Pring__",-5.446,-63.258,0,"bdg06213",21.339,-44.654,0,"Rite_",12.61,-61.37,0,"alcohol500",49.272,-96.044,0,"紅さかな",0.177,-119.209,0,"Pizzallaris",-41.392,-105.594,0,0,0,0,0,0,"",0,0,0,0,7803.594,7820.549,,,0,0
176,9,0,4,2,0,1,1,1,1,0,11,18,255,11,7839.453,"-Alta-",L,3,85,125,3.737,-0.576,-0.222,0.982,0.838,1.27,-36.693,26.593,0,6,94,2,0,500,0,-12.316,0,0,1,5,2,L,"SFIDA",189.4,80,0.2,3,32,W,Y,7840.389,255,185,112,42,12,145,100,28.193,-47.064,0.94,0,0.73,252.87,292.242,-165.03,0.201,-36.632,0,"HalF_HearteD",0.217,-16.926,0,"ame_3",-20.641,-45.205,0,"Pring__",-5.729,-64.112,0,"bdg06213",20.204,-45.326,0,"Rite_",13.964,-61.038,0,"alcohol500",51.096,-98.806,0,"紅さかな",1.975,-120.555,0,"Pizzallaris",-41.367,-105.548,0,7829.277,57.496,-79.539,7832.744,6,"alcohol500",70.45,-95.132,1,0,,7845.576,7844.785,7849.758,268,2
177,9,0,4,3,0,0,1,0,1,1,255,12,11,12,7887.283,"-Alta-",L,32,89,140,1.289,-0.588,-0.211,1.002,0.89,1.308,-36.693,28.929,0,19,81,0,0,-233.42,17.068,-10.377,0,0,1,6,6,R,"YukihiroD",173.8,87,0.35,0,32,W,Y,0,0,0,0,0,0,0,0,0,0,0,0,0,0,0,0,0.291,-37.342,0,"HalF_HearteD",-0.068,-16.852,0,"ame_3",-21.755,-45.199,0,"Pring__",-12.748,-59.776,0,"bdg06213",19.088,-41.945,0,"Rite_",11.139,-62.659,0,"alcohol500",42.012,-93.56,0,"紅さかな",-0.007,-114.474,0,"Pizzallaris",-41.551,-104.989,0,0,0,0,0,0,"",0,0,0,0,7873.228,7889.562,7890.03,,0,0
178,9,0,4,3,0,1,1,0,1,1,255,12,11,13,7904.544,"-Alta-",L,3,83,121,0.342,-0.653,-0.544,0.986,-0.662,1.25,-36.693,46.991,0,10,90,2,0,500,0,-8.375,0,0,1,6,6,R,"YukihiroD",173.8,87,0.35,3,32,W,Y,7905.656,255,37,83,71,32,145,91,26.821,-28.679,-0.48,0,0.449,182.586,338.203,130.857,0.158,-36.545,0,"HalF_HearteD",-0.134,-17.028,0,"ame_3",-21.75,-45.209,0,"Pring__",-13.48,-62.72,0,"bdg06213",18.081,-43.6,100,"Rite_",12.413,-62.088,0,"alcohol500",41.985,-93.356,103,"紅さかな",-1.742,-117.015,0,"Pizzallaris",-44.314,-99.217,0,0,0,0,7895.061,6,"alcohol500",31.585,-89.504,0,0,7900.261,7907.489,7906.611,7914.972,284,1
