id,inn,half,scoreA,scoreB,ball,strk,out,b1,b2,b3,b1Idx,b2Idx,b3Idx,pCnt,pSec,pName,pHand,pType,pPow,spdK,zoneX,zoneY,startX,startY,targetX,targetY,zDist,pitchAngle,pOver,pSide,pUnder,call,balk,sH,sV,gyro,plx,plz,bSwing,bIdx,bPos,bZone,bName,bHCm,batLen,batCen,batType,bFps,bOS,bVR,hSec,rotS,rotL,shS,lgS,prepS,batSpd,ev,ldeg,sdeg,hPos,buntGrip,handDist,angVeloX,angVeloY,angVeloZ,PPosX,PPosY,PThrSpd,CName,CPosX,CPosY,CThrSpd,1BName,1BPosX,1BPosY,1BThrSpd,2BName,2BPosX,2BPosY,2BThrSpd,3BName,3BPosX,3BPosY,3BThrSpd,SSName,SSPosX,SSPosY,SSThrSpd,LFName,LFPosX,LFPosY,LFThrSpd,CFName,CFPosX,CFPosY,CFThrSpd,RFName,RFPosX,RFPosY,RFThrSpd,ltSec,lx,lz,cSec,cPos,cPlr,cx,cz,1BSafe,tag,cpSec,sb2Sec,sb3Sec,sbhSec,ass,result
1,1,1,0,0,0,0,0,0,0,0,255,255,255,0,770.259,"559：広告",R,27,92,140,0.743,0.68,0.247,1.702,0.217,1.847,-36.434,27.83,85,15,0,0,0,75.041,-131.718,3.439,0,0,0,0,8,R,"Pizzallaris",167.3,86.384,0.352,0,49,W,Y,0,0,0,0,0,0,0,0,0,0,0,0,0,0,0,0,-0.013,-37.724,0,"눈꽃",-0.036,-17.955,0,"SFIDA",-20.128,-43.423,0,"YukihiroD",-12.896,-64.224,0,"甲斐野柊太",19.636,-48.762,0,"coder_",7.963,-64.066,0,"Azuner",33.058,-94.267,0,"Amellaid",-6.899,-111.267,0,"柴山犬吉",-42.228,-87.717,0,0,0,0,0,0,"",0,0,0,0,771.885,,,,0,0
2,1,1,0,0,0,1,0,0,0,0,255,255,255,1,785.877,"559：広告",R,13,95,126,-5.535,-2.847,-0.192,1.285,-1.824,0.311,-36.434,13.313,44,56,0,1,0,-384.143,320.054,1.58,-0.994,-20.836,0,0,8,R,"Pizzallaris",167.3,86.384,0.352,0,49,W,Y,0,0,0,0,0,0,0,0,0,0,0,0,0,0,0,0,-0.366,-37.409,0,"눈꽃",-1.07,-18.06,0,"SFIDA",-20.366,-43.99,0,"YukihiroD",-15.671,-62.762,0,"甲斐野柊太",18.392,-51.635,0,"coder_",8.234,-65.921,0,"Azuner",31.986,-94.949,0,"Amellaid",-8.478,-109.102,0,"柴山犬吉",-42.471,-87.584,0,0,0,0,0,0,"",0,0,0,0,787.485,,,,0,0
3,1,1,0,0,1,1,0,0,0,0,255,255,255,2,799.268,"559：広告",R,13,84,108,-2.592,-1.53,0.036,1.51,-0.508,1.31,-36.434,29.806,47,53,0,1,0,-335.205,365.291,-4.727,0,0,0,0,8,R,"Pizzallaris",167.3,86.384,0.352,0,49,W,Y,0,0,0,0,0,0,0,0,0,0,0,0,0,0,0,0,0.056,-38.064,0,"눈꽃",-0.467,-17.937,0,"SFIDA",-20.312,-43.299,0,"YukihiroD",-15.674,-62.772,0,"甲斐野柊太",17.267,-53.195,0,"coder_",3.266,-65.69,0,"Azuner",31.836,-94.807,0,"Amellaid",-9.096,-108.801,0,"柴山犬吉",-42.445,-87.58,0,0,0,0,0,0,"",0,0,0,0,801.019,,,,0,0
4,1,1,0,0,2,1,0,0,0,0,255,255,255,3,815.927,"559：広告",R,13,82,119,-5.47,-2.444,-0.184,1.391,-1.786,0.703,-36.434,1.731,54,46,0,1,0,-359.741,347.256,12.624,-1.081,-19.601,0,0,8,R,"Pizzallaris",167.3,86.384,0.352,0,49,W,Y,0,0,0,0,0,0,0,0,0,0,0,0,0,0,0,0,-0.317,-37.63,0,"눈꽃",-0.833,-18.147,0,"SFIDA",-20.454,-43.233,0,"YukihiroD",-15.671,-62.778,0,"甲斐野柊太",15.994,-52.994,0,"coder_",6.983,-65.704,0,"Azuner",31.826,-94.805,0,"Amellaid",-8.571,-108.973,0,"柴山犬吉",-42.502,-87.629,0,0,0,0,0,0,"",0,0,0,0,817.585,,,,0,0
5,1,1,0,0,3,1,0,0,0,0,255,255,255,4,829.354,"559：広告",R,27,83,135,1.939,0.536,0.347,1.675,0.683,1.745,-36.434,41.881,92,8,0,2,0,108.924,-147.811,-0.465,0,0,1,0,8,R,"Pizzallaris",167.3,86.384,0.352,3,49,W,Y,830.455,160,247,99,114,53,145,83,26.741,6.304,-0.8,0,0.183,509.699,160.959,272.579,0.469,-37.255,0,"눈꽃",-0.04,-18.219,0,"SFIDA",-20.256,-43.601,0,"YukihiroD",-15.672,-62.77,0,"甲斐野柊太",14.975,-53.789,0,"coder_",7.684,-67.891,0,"Azuner",32.248,-95.048,0,"Amellaid",-9.054,-108.99,85,"柴山犬吉",-42.497,-87.655,0,835.841,-11.095,-91.348,836.185,7,"Amellaid",-10.758,-89.445,0,0,,,,,264,1
6,1,1,0,0,0,0,1,0,0,0,255,255,255,5,873.889,"559：広告",R,27,84,137,-1.333,0.173,0.055,1.632,-0.672,1.596,-36.434,24.04,90,10,0,0,0,75.909,-141.907,6.06,0,0,0,1,4,L,"-Alta-",190,86.283,0.478,0,65,W,Y,0,0,0,0,0,0,0,0,0,0,0,0,0,0,0,0,0.153,-37.89,0,"눈꽃",-0.105,-18.131,0,"SFIDA",-17.691,-45.074,0,"YukihiroD",-10.752,-64.565,0,"甲斐野柊太",19.526,-46.167,0,"coder_",13.599,-67.414,0,"Azuner",47.853,-100.963,0,"Amellaid",16.034,-118.938,0,"柴山犬吉",-30.442,-114.119,0,0,0,0,0,0,"",0,0,0,0,875.341,,,,0,0
7,1,1,0,0,0,1,1,0,0,0,255,255,255,6,901.936,"559：広告",R,13,76,117,-0.438,-0.735,0.295,1.656,0.26,1.454,-36.434,42.302,92,8,0,2,0,-274.964,261.532,-4.984,0,0,1,1,4,L,"-Alta-",190,86.283,0.478,3,65,W,Y,902.798,255,85,102,95,60,145,130,-30,8.577,0.47,0,0.405,-96.363,253.945,23.318,-0.322,-36.808,0,"눈꽃",-0.203,-18.292,0,"SFIDA",-18.154,-45.182,71,"YukihiroD",-10.756,-64.572,91,"甲斐野柊太",19.893,-47.214,0,"coder_",12.984,-67.429,0,"Azuner",47.594,-101.016,0,"Amellaid",14.888,-118.066,0,"柴山犬吉",-28.464,-105.098,0,903.108,-0.282,-20.057,905.007,3,"YukihiroD",-6.789,-62.758,0,0,,,,,168,2
8,1,1,0,0,0,0,2,0,0,0,255,255,255,7,925.59,"559：広告",R,27,86,139,2.49,0.237,0.395,1.709,0.957,1.632,-36.434,52.557,89,11,0,1,0,100.4,-145.241,-2.707,0,0,0,2,1,L,"Pring__",190,92.818,0.485,0,67,W,Y,0,0,0,0,0,0,0,0,0,0,0,0,0,0,0,0,0.092,-37.308,0,"눈꽃",-0.171,-18.072,0,"SFIDA",-18.027,-44.937,0,"YukihiroD",-10.014,-64.915,0,"甲斐野柊太",19.821,-46.29,0,"coder_",14.7,-67.773,0,"Azuner",47.1,-101.809,0,"Amellaid",17.819,-118.545,0,"柴山犬吉",-26.347,-103.913,0,0,0,0,0,0,"",0,0,0,0,927.119,,,,0,0
9,1,1,0,0,1,0,2,0,0,0,255,255,255,8,940.826,"559：広告",R,3,48,84,0.597,0.347,0.301,1.685,1.026,1.86,-36.434,78.015,0,100,0,0,0,-312.244,0,5.292,0,0,0,2,1,L,"Pring__",190,92.818,0.485,0,67,W,Y,0,0,0,0,0,0,0,0,0,0,0,0,0,0,0,0,0.26,-37.177,0,"눈꽃",-0.118,-18.052,0,"SFIDA",-18.004,-44.933,0,"YukihiroD",-10.073,-65.106,0,"甲斐野柊太",20.748,-47.715,0,"coder_",15.768,-69.81,0,"Azuner",46.904,-101.767,0,"Amellaid",17.844,-118.641,0,"柴山犬吉",-26.343,-103.988,0,0,0,0,0,0,"",0,0,0,0,942.696,,,,0,0
10,1,1,0,0,1,1,2,0,0,0,255,255,255,9,959.792,"559：広告",R,27,80,130,-1.12,-0.116,0.07,1.575,-0.605,1.411,-36.434,30.404,91,9,0,2,0,78.82,-136.747,5.687,0,0,0,2,1,L,"Pring__",190,92.818,0.485,3,67,W,Y,960.619,255,137,121,121,99,145,130,29.248,-37.186,0.54,0,0.679,159.656,494.349,24.032,-0.312,-36.657,0,"눈꽃",-0.157,-18.117,0,"SFIDA",-18.045,-45.002,0,"YukihiroD",-10.074,-65.082,0,"甲斐野柊太",20.877,-47.528,0,"coder_",12.458,-65.308,0,"Azuner",46.996,-101.806,0,"Amellaid",17.743,-118.713,0,"柴山犬吉",-26.281,-104.024,0,965.852,59.2,-120.929,0,0,"",0,0,0,0,,971.252,976.525,,8,4
11,1,1,1,0,0,0,2,0,0,0,255,255,255,10,1003.124,"559：広告",R,27,93,140,-1.265,-0.531,0.061,1.505,-0.644,1.183,-36.434,15.481,51,49,0,0,0,79.573,-111.339,4.07,0,0,0,3,0,R,"Pugeuk",190,84,0.297,0,69,W,Y,0,0,0,0,0,0,0,0,0,0,0,0,0,0,0,0,-0.062,-37.731,0,"눈꽃",-0.113,-18.2,0,"SFIDA",-20.657,-44.069,0,"YukihiroD",-14.247,-61.804,0,"甲斐野柊太",18.538,-48.527,0,"coder_",11.218,-66.003,0,"Azuner",31.674,-103.667,0,"Amellaid",-17.459,-117.692,0,"柴山犬吉",-50.697,-96.699,0,0,0,0,0,0,"",0,0,0,0,1004.696,,,,0,0
12,1,1,1,0,0,1,2,0,0,0,255,255,255,11,1019.606,"559：広告",R,3,78,107,-2.639,0.281,0.054,1.721,-0.453,1.808,-36.434,42.509,79,21,0,2,0,-372.094,6.96,2.012,0,0,1,3,0,R,"Pugeuk",190,84,0.297,3,69,W,Y,1020.791,255,115,110,120,82,145,100,-30,60.003,0.98,0,0.962,328.586,-368.112,139.499,-0.269,-36.873,0,"눈꽃",-0.263,-18.113,0,"SFIDA",-20.609,-44.277,0,"YukihiroD",-13.979,-61.85,0,"甲斐野柊太",18.891,-49.103,0,"coder_",10.47,-67.178,0,"Azuner",31.055,-103.197,0,"Amellaid",-13.879,-118.053,0,"柴山犬吉",-51.144,-96.963,0,1021.152,-3.648,-22.783,0,0,"",0,0,0,0,,,,,8,3
13,1,1,1,0,0,2,2,0,0,0,255,255,255,12,1036.432,"559：広告",R,13,81,110,-2.501,-1.447,-0.019,1.46,-0.796,1.061,-36.434,33.221,50,50,0,1,0,-161.746,274.706,-4.681,0,0,0,3,0,R,"Pugeuk",190,84,0.297,0,69,W,Y,0,0,0,0,0,0,0,0,0,0,0,0,0,0,0,0,-0.275,-37.832,0,"눈꽃",-0.544,-18.154,0,"SFIDA",-20.29,-42.325,0,"YukihiroD",-15.581,-60.695,0,"甲斐野柊太",19.003,-48.933,0,"coder_",9.705,-68.792,0,"Azuner",31.067,-103.17,0,"Amellaid",-19.146,-116.209,0,"柴山犬吉",-54.397,-97.939,0,0,0,0,0,0,"",0,0,0,0,1038.141,,,,0,0
14,1,1,1,0,1,2,2,0,0,0,255,255,255,13,1052.923,"559：広告",R,5,66,104,0.934,2.255,0.253,2.099,0.603,3.085,-36.434,68.388,79,21,0,2,0,-104.892,35.505,1.167,0,0,1,3,0,R,"Pugeuk",190,84,0.297,3,69,W,Y,1054.123,198,85,127,51,14,145,108,23.674,6.235,0.02,0,0.67,441.771,323.653,225.494,-0.357,-36.869,0,"눈꽃",-0.128,-18.036,0,"SFIDA",-20.179,-43.03,0,"YukihiroD",-15.502,-60.92,0,"甲斐野柊太",19.729,-48.52,0,"coder_",8.122,-67.47,0,"Azuner",31.214,-103.092,0,"Amellaid",-18.705,-116.313,95,"柴山犬吉",-54.354,-97.998,0,1059.352,-17.612,-114.203,1059.552,7,"Amellaid",-16.92,-111.372,0,0,1091.485,,,,268,1
15,1,0,1,0,0,0,0,0,0,0,255,255,255,0,1208.088,"Pugeuk",R,29,84,136,0.433,1.678,0.312,1.759,0.522,2.413,-36.545,29.342,95,5,0,4,0,-245.777,-130.52,10.837,0,0,1,0,5,R,"coder_",169.7,80,0.3,0,48,W,Y,0,0,0,0,0,0,0,0,0,0,0,0,0,0,0,0,-0.164,-37.464,0,"Pring__",0.047,-17.093,0,"ame_3",-21.05,-43.997,0,"magimari",-10.521,-63.569,0,"-Alta-",17.765,-46.219,0,"Rite_",11.5,-63.607,0,"alcohol500",37.405,-102.807,0,"紅さかな",-0.528,-117.645,0,"Pizzallaris",-43.045,-99.819,0,0,0,0,0,0,"",0,0,0,0,1209.552,,,,0,0
16,1,0,1,0,0,1,0,0,0,0,255,255,255,1,1223.412,"Pugeuk",R,29,87,140,2.565,-0.058,0.509,1.488,1.438,1.428,-36.545,30.489,54,46,0,1,0,-250,-150.3,15.569,0,0,0,0,5,R,"coder_",169.7,80,0.3,0,48,W,Y,0,0,0,0,0,0,0,0,0,0,0,0,0,0,0,0,0.179,-37.728,0,"Pring__",0.061,-17.111,0,"ame_3",-20.985,-44.007,0,"magimari",-10.576,-63.655,0,"-Alta-",17.333,-44.324,0,"Rite_",10.362,-63.062,0,"alcohol500",38.776,-102.125,0,"紅さかな",-0.5,-117.639,0,"Pizzallaris",-43.039,-99.834,0,0,0,0,0,0,"",0,0,0,0,1224.83,,,,0,0
17,1,0,1,0,1,1,0,0,0,0,255,255,255,2,1237.511,"Pugeuk",R,29,84,137,-0.319,-0.753,0.243,1.388,0.199,1.066,-36.545,24.186,65,35,0,2,0,-250,-119.879,19.057,0,0,1,0,5,R,"coder_",169.7,80,0.3,3,48,W,Y,1238.553,211,88,101,51,31,145,117,91.461,-88.207,0.74,0,0.296,32.759,228.26,-106.635,0.297,-37.379,0,"Pring__",-0.39,-17.144,0,"ame_3",-21.06,-43.948,0,"magimari",-10.502,-63.664,0,"-Alta-",20.248,-48.771,0,"Rite_",10.389,-62.897,0,"alcohol500",40.433,-101.869,0,"紅さかな",-0.154,-117.575,0,"Pizzallaris",-43.034,-99.827,0,0,0,0,0,0,"",0,0,0,0,,,,,8,3
18,1,0,1,0,1,2,0,0,0,0,255,255,255,3,1257.729,"Pugeuk",R,13,72,100,-3.313,-1.315,-0.028,1.449,-0.706,1.41,-36.545,10.999,50,50,0,4,0,-352.89,315.147,0,0,0,1,0,5,R,"coder_",169.7,80,0.3,0,49,W,Y,0,0,0,0,0,0,0,0,0,0,0,0,0,0,0,0,-0.266,-37.53,0,"Pring__",-0.795,-17.825,0,"ame_3",-20.943,-43.215,0,"magimari",-13.003,-63.268,0,"-Alta-",19.472,-46.884,0,"Rite_",9.05,-64.833,0,"alcohol500",39.325,-104.407,0,"紅さかな",-0.072,-116.001,0,"Pizzallaris",-45.185,-101.319,0,0,0,0,0,0,"",0,0,0,0,1259.285,,,,0,0
19,1,0,1,0,0,0,1,0,0,0,255,255,255,4,1283.235,"Pugeuk",R,29,86,139,0.574,0.798,0.315,1.645,0.535,1.962,-36.545,21.491,91,9,0,0,0,-250,-176.349,16.456,0,0,0,1,4,R,"甲斐野柊太",190,80,0.2,0,67,A,Y,0,0,0,0,0,0,0,0,0,0,0,0,0,0,0,0,-0.007,-37.788,0,"Pring__",0.015,-17.641,0,"ame_3",-20.729,-44.354,0,"magimari",-11.1,-63.905,0,"-Alta-",20.057,-49.647,0,"Rite_",8.809,-65.779,0,"alcohol500",41.506,-107.832,0,"紅さかな",-0.155,-119.79,0,"Pizzallaris",-45.061,-101.087,0,0,0,0,0,0,"",0,0,0,0,1284.763,,,,0,0
20,1,0,1,0,0,1,1,0,0,0,255,255,255,5,1298.667,"Pugeuk",R,31,89,140,3.467,-0.637,0.536,1.42,1.561,1.232,-36.545,28.751,53,47,0,3,0,-98.136,-50.897,6.955,-0.219,-21.487,0,1,4,R,"甲斐野柊太",190,80,0.2,0,67,A,Y,0,0,0,0,0,0,0,0,0,0,0,0,0,0,0,0,0.346,-37.462,0,"Pring__",-0.001,-17.248,0,"ame_3",-20.676,-44.259,0,"magimari",-11.216,-63.645,0,"-Alta-",20.192,-49.711,0,"Rite_",8.807,-65.84,0,"alcohol500",42.749,-104.84,0,"紅さかな",-0.144,-119.746,0,"Pizzallaris",-45.051,-101.086,0,0,0,0,0,0,"",0,0,0,0,1303.063,,,,0,6
21,1,0,1,0,0,0,1,1,0,0,14,255,255,6,1326.194,"Pugeuk",R,29,87,140,-1.31,0.121,0.128,1.537,-0.333,1.61,-36.545,20.221,58,42,0,2,0,-207.476,-79.871,10.52,0,0,1,2,6,L,"Azuner",180.8,80,0.348,3,67,W,Y,1327.27,207,44,40,23,2,108,104,-30,-6.776,0.11,0,0.215,-537.869,-224.074,-70.962,-0.021,-37.572,120,"Pring__",-0.052,-17.777,0,"ame_3",-20.532,-42.249,86,"magimari",-9.014,-62.134,93,"-Alta-",20.843,-48.202,0,"Rite_",14.221,-63.045,0,"alcohol500",46.968,-103.516,0,"紅さかな",2.243,-117.111,0,"Pizzallaris",-45.048,-101.078,0,1327.474,-0.122,-20.313,1329.096,7,"紅さかな",2.062,-38.37,1,0,,1332.927,,,168,2
22,1,0,1,0,0,0,2,1,0,0,16,255,255,7,1357.616,"Pugeuk",R,26,87,140,-3.102,-0.026,-0.066,1.49,-1.238,1.46,-36.545,7.417,52,48,0,1,0,-82.345,-160.723,11.735,0,0,0,3,0,R,"559：広告",190,107,0.58,0,66,W,Y,0,0,0,0,0,0,0,0,0,0,0,0,0,0,0,0,-0.09,-37.911,0,"Pring__",-0.473,-17.095,0,"ame_3",-19.785,-43.125,0,"magimari",-11.979,-62.3,0,"-Alta-",20.009,-49.896,0,"Rite_",7.328,-65.304,0,"alcohol500",45.305,-101.247,0,"紅さかな",-0.958,-119.619,0,"Pizzallaris",-45.428,-98.601,0,0,0,0,0,0,"",0,0,0,0,1358.985,,,,0,0
23,1,0,1,0,1,0,2,1,0,0,16,255,255,8,1401.314,"Pugeuk",R,30,81,131,-0.945,-1.139,0.152,1.298,-0.224,0.836,-36.545,21.577,52,48,0,4,0,-131.581,-67.919,12.779,0,0,1,3,0,R,"559：広告",190,107,0.58,0,66,W,Y,0,0,0,0,0,0,0,0,0,0,0,0,0,0,0,0,0.006,-38.084,0,"Pring__",-0.131,-16.776,0,"ame_3",-20.166,-42.004,0,"magimari",-11.281,-64.549,0,"-Alta-",20.275,-48.932,0,"Rite_",11.535,-64.236,0,"alcohol500",45.382,-98.78,0,"紅さかな",-0.952,-119.85,0,"Pizzallaris",-47.3,-98.75,0,0,0,0,0,0,"",0,0,0,0,1402.763,,,,0,0
24,1,0,1,0,1,1,2,1,0,0,16,255,255,9,1421.932,"Pugeuk",R,11,76,109,-2.753,-1.152,-0.168,1.34,-1.14,1.2,-36.545,9.477,49,51,0,4,0,-28.893,226.315,0,0,0,1,3,0,R,"559：広告",190,107,0.58,0,66,W,Y,0,0,0,0,0,0,0,0,0,0,0,0,0,0,0,0,-0.055,-37.805,0,"Pring__",-0.676,-17.511,0,"ame_3",-19.898,-40.986,0,"magimari",-11.269,-64.503,0,"-Alta-",20.819,-50.341,0,"Rite_",10.574,-63.759,0,"alcohol500",45.92,-101.134,0,"紅さかな",-0.926,-119.858,0,"Pizzallaris",-46.887,-99.037,0,0,0,0,0,0,"",0,0,0,0,1423.419,,,,0,0
25,1,0,1,0,1,2,2,1,0,0,16,255,255,10,1439.644,"Pugeuk",R,29,86,140,0.62,1.056,0.328,1.716,0.597,2.19,-36.545,23.027,94,6,0,2,0,-250,-98.813,13.096,0,0,1,3,0,R,"559：広告",190,107,0.58,3,66,W,Y,1440.697,75,30,68,74,29,111,107,104.403,-71.999,0.35,0,0.153,155.179,353.087,-131.006,0.36,-37.626,0,"Pring__",0.014,-17.348,0,"ame_3",-19.781,-41.883,0,"magimari",-12.034,-63.876,0,"-Alta-",20.727,-50.34,0,"Rite_",12.341,-65.115,0,"alcohol500",44.402,-97.765,0,"紅さかな",0.058,-119.97,0,"Pizzallaris",-46.884,-99.046,0,1447.196,-70.074,14.458,0,0,"",0,0,0,0,,,,,136,3
26,1,0,1,0,1,2,2,1,0,0,16,255,255,11,1480.877,"Pugeuk",R,10,76,116,1.65,-0.426,0.352,1.603,0.708,1.826,-36.545,24.221,39,61,0,2,0,0,400,12.259,0,0,1,3,0,R,"559：広告",190,107,0.58,3,33,W,Y,1482.013,98,36,100,80,40,135,130,-30,-39.275,0.61,0,0.221,4.739,-139.042,-11.843,0.179,-37.59,0,"Pring__",0.131,-17.554,0,"ame_3",-19.941,-42.286,0,"magimari",-11.125,-63.683,0,"-Alta-",20.307,-48.219,92,"Rite_",11.573,-64.581,0,"alcohol500",46.631,-101.14,103,"紅さかな",-0.605,-118.982,0,"Pizzallaris",-46.3,-100.525,0,1482.241,1.096,-19.559,1486.396,6,"alcohol500",57.922,-88.637,1,0,,1486.715,,,26,2
27,1,0,1,0,0,0,2,1,1,0,10,16,255,12,1513.598,"Pugeuk",R,30,77,127,-2.27,0.576,0.027,1.609,-0.805,1.846,-36.545,18.689,90,10,0,2,0,-140.913,-133.395,10.066,0,0,1,4,1,L,"눈꽃",190,90,0.6,3,65,W,Y,1514.521,120,129,163,93,61,138,87,24.833,14.513,-0.78,0,0.531,179.679,462.166,70.47,-0.435,-37.546,0,"Pring__",-0.169,-17.227,0,"ame_3",-20.391,-44.458,0,"magimari",-4.543,-61.538,0,"-Alta-",20.413,-47.597,88,"Rite_",14.444,-62.922,0,"alcohol500",49.036,-99.345,0,"紅さかな",0.771,-121.063,0,"Pizzallaris",-46.448,-100.699,104,1519.23,-25.94,-87.904,1519.919,8,"Pizzallaris",-27.188,-90.47,1,0,,1519.123,1519.054,1524.102,11,2
28,1,0,1,1,0,0,2,1,0,1,11,255,10,13,1557.966,"Pugeuk",R,29,88,140,0.78,-0.797,0.309,1.384,0.509,1.068,-36.545,13.533,54,46,0,2,0,-153.181,-86.765,18.984,0,0,1,5,3,R,"YukihiroD",174,87.01,0.349,3,65,W,Y,1559.001,236,101,104,17,9,138,126,-30,-3.881,0.57,0,0.454,-478.379,-142.209,-93.807,0.173,-37.426,0,"Pring__",-0.004,-17.33,0,"ame_3",-20.146,-44.378,0,"magimari",-9.381,-64.585,0,"-Alta-",19.788,-46.352,0,"Rite_",9.805,-65.423,0,"alcohol500",46.735,-97.623,0,"紅さかな",-1.696,-114.692,0,"Pizzallaris",-44.62,-94.489,0,1559.13,0.127,-20.062,1561.085,5,"Rite_",3.002,-62.203,1,16,,1562.603,,1563.55,264,2
29,2,1,1,1,0,0,0,0,0,0,255,255,255,14,1612.275,"559：広告",R,27,80,131,-0.863,-0.171,0.095,1.572,-0.488,1.373,-36.434,31.826,90,10,0,0,0,87.674,-127.864,-0.919,0,0,0,4,6,L,"alcohol500",171.9,89.678,0.4,0,35,W,Y,0,0,0,0,0,0,0,0,0,0,0,0,0,0,0,0,-0.055,-37.055,0,"눈꽃",-0.128,-18.194,0,"SFIDA",-18.509,-44.895,0,"YukihiroD",-10.49,-64.887,0,"甲斐野柊太",20.316,-47.546,0,"coder_",13.555,-63.702,0,"Azuner",45.476,-96.27,0,"Amellaid",13.067,-115.57,0,"柴山犬吉",-35.384,-100.015,0,0,0,0,0,0,"",0,0,0,0,1613.574,,,,0,0
30,2,1,1,1,0,1,0,0,0,0,255,255,255,15,1627.957,"559：広告",R,32,87,140,-5.727,-1.079,-0.403,1.412,-2.806,0.803,-36.434,9.416,58,42,0,1,0,242.132,-198.544,-11.535,0,0,0,4,6,L,"alcohol500",171.9,89.678,0.4,0,35,W,Y,0,0,0,0,0,0,0,0,0,0,0,0,0,0,0,0,-1.235,-37.929,0,"눈꽃",-0.309,-18.311,0,"SFIDA",-18.576,-44.366,0,"YukihiroD",-10.704,-64.906,0,"甲斐野柊太",20.876,-48.432,0,"coder_",12.85,-62.645,0,"Azuner",44.599,-95.617,0,"Amellaid",13.12,-115.587,0,"柴山犬吉",-34.221,-97.801,0,0,0,0,0,0,"",0,0,0,0,1629.274,,,,0,0
31,2,1,1,1,1,1,0,0,0,0,255,255,255,16,1649.536,"559：広告",R,26,90,140,-0.211,0.269,0.148,1.626,-0.241,1.567,-36.434,33.012,89,11,0,2,0,108.698,-198.596,-2.272,0,0,1,4,6,L,"alcohol500",171.9,89.678,0.4,3,35,W,Y,1650.402,188,38,90,68,26,145,109,29.069,-2.319,0.82,0,0.133,235.628,178.991,-54.759,-0.118,-36.735,0,"눈꽃",-0.118,-18.189,0,"SFIDA",-19.374,-43.755,0,"YukihiroD",-10.627,-64.741,0,"甲斐野柊太",20.954,-48.432,0,"coder_",12.663,-65.073,103,"Azuner",44.548,-95.634,0,"Amellaid",12.834,-116.601,87,"柴山犬吉",-34.232,-97.815,0,1655.708,0.481,-113.766,1656.03,7,"Amellaid",0.579,-110.775,0,0,,,,,265,1
32,2,1,1,1,0,0,1,0,0,0,255,255,255,17,1684.794,"559：広告",R,3,77,105,-0.618,-0.065,0.212,1.65,0.371,1.752,-36.434,62.018,84,16,0,2,0,-395.795,127.158,-3.534,0,0,1,5,3,R,"magimari",160,85,0.351,3,64,W,Y,1685.998,189,149,57,85,46,137,98,95.614,-67.565,0.89,0,0.538,299.78,69.351,171.303,0.073,-37.526,0,"눈꽃",-0.196,-18.231,0,"SFIDA",-19.887,-43.166,0,"YukihiroD",-14.597,-62.079,0,"甲斐野柊太",15.567,-44.418,0,"coder_",7.508,-62.5,0,"Azuner",24.825,-96.639,0,"Amellaid",-11.732,-107.739,0,"柴山犬吉",-42.444,-81.254,0,1693.008,-29.208,-4.6,0,0,"",0,0,0,0,,,,,8,3
33,2,1,1,1,0,1,1,0,0,0,255,255,255,18,1704.314,"559：広告",R,27,90,140,0.052,-0.126,0.185,1.584,-0.069,1.399,-36.434,25.301,86,14,0,0,0,64.717,-127.315,0.454,0,0,1,5,3,R,"magimari",160,85,0.351,0,64,W,Y,0,0,0,0,0,0,0,0,0,0,0,0,0,0,0,0,-0.128,-38.023,0,"눈꽃",-0.193,-17.999,0,"SFIDA",-20.76,-43.152,0,"YukihiroD",-14.879,-62.305,0,"甲斐野柊太",13.954,-45.695,0,"coder_",7.369,-61.908,0,"Azuner",24.592,-96.65,0,"Amellaid",-15.146,-107.806,0,"柴山犬吉",-40.588,-82.439,0,0,0,0,0,0,"",0,0,0,0,1705.907,,,,0,0
34,2,1,1,1,0,2,1,0,0,0,255,255,255,19,1723.46,"559：広告",R,27,75,126,1.264,2.778,0.209,1.952,0.363,2.902,-36.434,58.223,80,20,0,2,0,119.288,-136.618,-2.416,0,0,1,5,3,R,"magimari",160,85,0.351,3,64,W,Y,1724.666,117,28,34,24,27,73,67,29.7,40.213,0.34,0,0.157,90.908,485.38,-323.101,-0.105,-37.443,0,"눈꽃",-0.064,-17.904,0,"SFIDA",-20.462,-43.546,0,"YukihiroD",-14.872,-62.289,0,"甲斐野柊太",16.312,-47.019,0,"coder_",8.658,-64.665,0,"Azuner",23.873,-97.852,0,"Amellaid",-14.298,-109.763,0,"柴山犬吉",-40.737,-82.694,105,1728.63,-34.639,-54.111,1730.319,8,"柴山犬吉",-43.24,-61.476,0,0,,,,,72,2
35,2,1,1,1,0,2,1,0,0,0,255,255,255,20,1749.105,"559：広告",R,0,64,117,0.496,-0.584,0.263,1.619,0.232,1.283,-36.434,46.121,91,9,0,2,0,-14.686,0,-0.379,0,0,1,5,3,R,"magimari",160,85,0.351,3,64,W,Y,1750.285,255,194,88,79,45,145,119,25.518,-21.423,0.61,0,0.626,-172.672,205.856,250.882,-0.338,-36.979,0,"눈꽃",-0.153,-17.73,0,"SFIDA",-21.983,-45.251,0,"YukihiroD",-15.753,-62.763,83,"甲斐野柊太",15.467,-45.297,0,"coder_",8.142,-65.971,0,"Azuner",24.01,-98.317,116,"Amellaid",-18.681,-112.857,0,"柴山犬吉",-42.444,-80.792,0,1755.041,31.904,-118.003,1757.208,6,"Azuner",30.143,-122.735,1,0,,1759.702,,,44,2
36,2,1,1,1,0,0,1,0,1,0,255,3,255,21,1784.673,"559：広告",R,27,71,123,1.477,0.482,0.318,1.739,0.535,1.757,-36.434,52.859,87,13,0,4,0,73.681,-103.693,-0.584,0,0,1,6,7,R,"紅さかな",172.5,86,0.399,0,64,W,Y,0,0,0,0,0,0,0,0,0,0,0,0,0,0,0,0,-0.035,-37.824,0,"눈꽃",-0.023,-18.006,0,"SFIDA",-20.554,-44.226,0,"YukihiroD",-14.942,-63.002,0,"甲斐野柊太",18.205,-48.908,0,"coder_",4.333,-62.474,0,"Azuner",26.494,-103.163,0,"Amellaid",-15.661,-112.607,0,"柴山犬吉",-42.718,-83.25,0,0,0,0,0,0,"",0,0,0,0,1786.208,1787.188,,,0,0
37,2,1,1,1,0,1,1,0,1,0,255,3,255,22,1802.658,"559：広告",R,13,78,116,-1.553,-0.969,0.189,1.604,-0.052,1.489,-36.434,48.556,88,12,0,4,0,-372.22,333.845,-4.003,0,0,1,6,7,R,"紅さかな",172.5,86,0.399,0,64,W,Y,0,0,0,0,0,0,0,0,0,0,0,0,0,0,0,0,-0.042,-37.371,0,"눈꽃",-0.317,-18.235,0,"SFIDA",-20.298,-44.061,0,"YukihiroD",-14.659,-62.79,0,"甲斐野柊太",17.606,-52.344,0,"coder_",5.797,-63.896,0,"Azuner",25.838,-102.009,0,"Amellaid",-15.08,-112.236,0,"柴山犬吉",-44.799,-82.639,0,0,0,0,0,0,"",0,0,0,0,1804.352,1805.329,,,0,0
38,2,1,1,1,0,2,1,0,1,0,255,3,255,23,1819.883,"559：広告",R,13,77,118,-4.185,-1.322,-0.102,1.515,-1.402,1.173,-36.434,35.963,65,35,0,1,0,-251.686,253.319,-2.187,0,0,0,6,7,R,"紅さかな",172.5,86,0.399,0,64,W,Y,0,0,0,0,0,0,0,0,0,0,0,0,0,0,0,0,-0.158,-37.498,0,"눈꽃",-0.702,-18.247,0,"SFIDA",-20.369,-43.689,0,"YukihiroD",-14.658,-62.786,0,"甲斐野柊太",20.614,-50.316,0,"coder_",4.062,-62.098,0,"Azuner",26.043,-102.062,0,"Amellaid",-15.417,-112.219,0,"柴山犬吉",-45.85,-85.489,0,0,0,0,0,0,"",0,0,0,0,1821.53,1822.694,,,0,0
39,2,1,1,1,1,2,1,0,1,0,255,3,255,24,1837.557,"559：広告",R,26,91,140,-0.83,0.276,0.097,1.636,-0.479,1.606,-36.434,21.078,93,7,0,0,0,85.349,-165.938,11.353,0,0,0,6,7,R,"紅さかな",172.5,86,0.399,0,64,W,Y,0,0,0,0,0,0,0,0,0,0,0,0,0,0,0,0,0.011,-37.83,0,"눈꽃",-0.131,-18.195,0,"SFIDA",-20.053,-42.056,0,"YukihiroD",-14.734,-62.892,0,"甲斐野柊太",19.515,-47.963,0,"coder_",4.275,-63.003,0,"Azuner",25.836,-102.266,0,"Amellaid",-15.426,-112.251,0,"柴山犬吉",-45.896,-85.845,0,0,0,0,0,0,"",0,0,0,0,1839.019,1840.562,,,0,0
40,2,1,1,1,0,0,2,0,1,0,255,3,255,25,1860.831,"559：広告",R,26,84,137,-1.376,-0.202,0.031,1.545,-0.787,1.314,-36.434,30.909,89,11,0,2,0,157.836,-196.246,7.175,0,0,0,7,2,L,"ame_3",190,80,0.225,3,63,W,Y,1861.865,114,132,52,105,43,134,84,17.269,-34.988,-0.78,0,0.232,-265.556,-231.123,122.848,-0.078,-37.877,0,"눈꽃",-0.095,-18.168,0,"SFIDA",-19.136,-46.708,0,"YukihiroD",-8.89,-64.628,0,"甲斐野柊太",20.249,-46.236,0,"coder_",14.497,-67.974,0,"Azuner",46.337,-101.376,0,"Amellaid",20.17,-120.422,0,"柴山犬吉",-42.42,-97.259,0,0,0,0,1864.563,4,"甲斐野柊太",20.039,-47.049,0,0,,,1866.271,,10,1
41,2,0,1,1,0,0,0,0,0,0,255,255,255,14,1946.601,"Pugeuk",R,29,85,138,1.451,1.21,0.387,1.697,0.871,2.185,-36.545,28.433,94,6,0,4,0,-210.313,-98.476,9.933,0,0,1,6,8,R,"柴山犬吉",169.8,90,0.598,0,63,W,Y,0,0,0,0,0,0,0,0,0,0,0,0,0,0,0,0,-0.119,-37.832,0,"Pring__",-0.027,-16.764,0,"ame_3",-20.421,-44.217,0,"magimari",-12.361,-63.335,0,"-Alta-",19.305,-50.957,0,"Rite_",12.403,-63.81,0,"alcohol500",41.692,-99.637,0,"紅さかな",-0.618,-112.125,0,"Pizzallaris",-43.909,-101.794,0,0,0,0,0,0,"",0,0,0,0,1947.93,,,,0,0
42,2,0,1,1,0,1,0,0,0,0,255,255,255,15,1965.297,"Pugeuk",R,29,82,134,0.196,0.953,0.275,1.662,0.348,2.06,-36.545,17.598,94,6,0,2,0,-190.65,-74.689,8.922,0,0,1,6,8,R,"柴山犬吉",169.8,90,0.598,3,63,W,Y,1966.39,220,45,45,33,20,129,109,-30,33.073,0.84,0,0.195,-311.811,15.651,42.036,-0.062,-37.369,0,"Pring__",-0.029,-16.965,0,"ame_3",-20.717,-44.577,0,"magimari",-12.312,-63.371,0,"-Alta-",19.481,-50.766,0,"Rite_",11.81,-63.995,0,"alcohol500",42.391,-97.402,0,"紅さかな",-1.01,-112.167,0,"Pizzallaris",-43.975,-101.647,99,1966.596,-1.171,-20.401,1970.863,8,"Pizzallaris",-34.543,-80.959,1,0,,,,,137,2
43,2,0,1,1,0,0,0,1,0,0,18,255,255,16,1993.426,"Pugeuk",R,29,85,137,-1.879,-0.285,0.081,1.454,-0.552,1.342,-36.545,15.467,60,40,0,1,0,-224.529,-107.801,20.1,0,0,0,7,2,L,"SFIDA",188.8,80,0.2,0,63,W,Y,0,0,0,0,0,0,0,0,0,0,0,0,0,0,0,0,-0.182,-37.936,0,"Pring__",-0.049,-16.944,0,"ame_3",-17.393,-38.511,0,"magimari",-5.088,-61.999,0,"-Alta-",20.719,-48.826,0,"Rite_",13.919,-64.239,0,"alcohol500",46.935,-102.487,0,"紅さかな",1.656,-118.574,0,"Pizzallaris",-41.732,-95.263,0,0,0,0,0,0,"",0,0,0,0,1994.563,,,,0,0
44,2,0,1,1,1,0,0,1,0,0,18,255,255,17,2010.841,"Pugeuk",R,29,77,128,-1.295,-0.177,0.142,1.489,-0.269,1.454,-36.545,19.299,48,52,0,0,0,-198.174,-49.606,15.298,0,0,0,7,2,L,"SFIDA",188.8,80,0.2,0,63,W,Y,0,0,0,0,0,0,0,0,0,0,0,0,0,0,0,0,0.099,-37.702,0,"Pring__",-0.07,-16.996,0,"ame_3",-18.837,-40.148,0,"magimari",-6.966,-61.265,0,"-Alta-",21.749,-48.354,0,"Rite_",13.958,-63.866,0,"alcohol500",47.451,-103.195,0,"紅さかな",0.616,-117.884,0,"Pizzallaris",-41.707,-95.297,0,0,0,0,0,0,"",0,0,0,0,2012.041,,,,0,0
45,2,0,1,1,1,1,0,1,0,0,18,255,255,18,2028.835,"Pugeuk",R,6,85,110,2.162,-0.557,0.237,1.378,0.113,1.279,-36.545,13.447,60,40,0,2,0,447.332,0,12.793,0,0,1,7,2,L,"SFIDA",188.8,80,0.2,3,63,W,Y,2029.806,209,158,0,0,0,24,35,25.758,-59.212,0.96,0,1.255,-237.154,-84.137,544.682,-0.102,-37.275,0,"Pring__",0.227,-17.189,0,"ame_3",-16.742,-40.661,0,"magimari",-6.287,-61.269,0,"-Alta-",21.817,-48.469,87,"Rite_",14.035,-63.583,0,"alcohol500",47.736,-103.315,0,"紅さかな",0.481,-118.12,0,"Pizzallaris",-41.494,-95.378,0,2031.352,11.256,-28.036,2034.485,4,"-Alta-",20.14,-35.542,0,0,,2034.285,,,10,2
46,2,0,1,1,1,2,0,0,1,0,255,18,255,19,2053.856,"Pugeuk",R,29,87,140,-0.105,0.161,0.237,1.557,0.173,1.677,-36.545,24.228,67,33,0,2,0,-167.803,-42.43,15.806,0,0,1,7,2,L,"SFIDA",188.8,80,0.2,3,48,W,Y,2054.766,86,116,68,61,38,122,76,41.77,51.346,-0.77,0,0.372,107.956,143.791,330.727,0.169,-37.483,0,"Pring__",-0.093,-17.451,0,"ame_3",-17.221,-41.104,0,"magimari",-8.888,-61.86,0,"-Alta-",21.835,-48.285,0,"Rite_",14.838,-62.76,0,"alcohol500",49.199,-96.552,0,"紅さかな",0.803,-118.111,0,"Pizzallaris",-44.083,-98.824,0,2059.052,-47.147,-53.978,0,0,"",0,0,0,0,,2057.907,,,136,3
47,2,0,1,1,1,2,0,1,0,0,255,255,255,20,2091.342,"Pugeuk",R,29,81,132,-0.888,0.218,0.163,1.556,-0.17,1.674,-36.545,19.725,50,50,0,2,0,-152.752,-80.604,6.386,0,0,1,7,2,L,"SFIDA",188.8,80,0.2,3,48,W,Y,2092.258,186,119,44,57,4,132,83,0.168,31.544,-0.77,0,0.32,-318.721,377.482,-126.1,0.099,-37.415,0,"Pring__",-0.164,-17.481,0,"ame_3",-19.987,-43.326,0,"magimari",-6.123,-61.546,91,"-Alta-",21.468,-48.569,0,"Rite_",14.267,-62.586,0,"alcohol500",50.163,-98.834,0,"紅さかな",-2.574,-118.413,0,"Pizzallaris",-42.637,-100.568,0,2092.952,-7.801,-31.433,2094.096,2,"ame_3",-14.921,-43.301,0,0,,2096.443,,,168,2
48,2,0,1,1,0,0,1,0,1,0,255,18,255,21,2126.547,"Pugeuk",R,29,86,139,-0.861,1.024,0.174,1.642,-0.122,2.007,-36.545,20.095,52,48,0,0,0,-219.513,-127.98,16.818,0,0,0,8,7,L,"Amellaid",160,86,0.44,0,62,W,Y,0,0,0,0,0,0,0,0,0,0,0,0,0,0,0,0,-0.114,-37.822,0,"Pring__",0.84,-18.647,0,"ame_3",-21.533,-45.446,0,"magimari",-6.125,-62.111,0,"-Alta-",21.004,-45.907,0,"Rite_",13.387,-59.625,0,"alcohol500",44.324,-96.235,0,"紅さかな",1.111,-112.426,0,"Pizzallaris",-43.466,-95.572,0,0,0,0,0,0,"",0,0,0,0,2127.708,2129.501,,,0,0
49,2,0,1,1,0,1,1,0,1,0,255,18,255,22,2149.195,"Pugeuk",R,29,82,134,-0.809,0.846,0.196,1.63,-0.018,1.963,-36.545,21.982,95,5,0,2,0,-239.17,-75.109,13.595,0,0,1,8,7,L,"Amellaid",160,86,0.44,3,62,W,Y,2150.127,208,69,80,16,20,136,75,-0.038,35.49,-0.81,0,0.358,-65.093,54.087,-176.469,0.117,-37.3,0,"Pring__",-0.076,-17.796,0,"ame_3",-20.967,-45.77,85,"magimari",-6.569,-60.948,0,"-Alta-",21.451,-47.342,0,"Rite_",13.856,-59.903,0,"alcohol500",47.351,-93.636,0,"紅さかな",0.343,-110.875,0,"Pizzallaris",-41.982,-98.882,0,2151.008,-8.369,-31.044,2154.474,7,"紅さかな",-19.391,-42.769,0,0,,,2154.053,,136,2
50,2,0,1,1,0,0,2,0,0,1,255,255,18,23,2178.679,"Pugeuk",R,6,79,116,0.624,0.349,0.075,1.591,-0.58,1.801,-36.545,9.754,52,48,0,0,0,500,0,41.368,0,0,0,0,5,R,"coder_",169.7,80,0.3,0,62,W,Y,0,0,0,0,0,0,0,0,0,0,0,0,0,0,0,0,0.17,-37.987,0,"Pring__",-0.105,-17.607,0,"ame_3",-20.524,-45.171,0,"magimari",-12.328,-62.397,0,"-Alta-",13.713,-37.735,0,"Rite_",11.317,-63.844,0,"alcohol500",42.21,-96.861,0,"紅さかな",-0.051,-112.884,0,"Pizzallaris",-43.042,-97.567,0,0,0,0,0,0,"",0,0,0,0,2180.107,,2181.035,,0,0
51,2,0,1,1,0,1,2,0,0,1,255,255,18,24,2198.472,"Pugeuk",R,6,82,119,0.927,-0.523,0.109,1.455,-0.425,1.31,-36.545,5.979,41,59,0,2,0,500,0,22.304,0,0,1,0,5,R,"coder_",169.7,80,0.3,3,62,W,Y,2199.569,197,105,143,75,54,145,85,-43.375,-29.278,-0.74,0,0.284,-478.074,-205.765,-27.008,0.189,-37.576,0,"Pring__",0.22,-18.057,0,"ame_3",-20.87,-45.132,0,"magimari",-12.357,-62.331,85,"-Alta-",15.286,-40.41,0,"Rite_",10.844,-62.501,0,"alcohol500",40.894,-97.877,110,"紅さかな",-1.142,-112.503,0,"Pizzallaris",-40.955,-90.708,0,2199.763,0.572,-21.029,2205.163,6,"alcohol500",28.133,-75.607,1,1,2262.174,2257.765,,2203.862,60,2
52,3,1,1,2,0,0,0,0,0,0,255,255,255,26,2318.905,"559：広告",R,27,71,123,2.372,1.382,0.372,1.836,0.901,2.216,-36.434,55.957,86,14,0,4,0,90.473,-112.523,-1.676,0,0,1,8,5,R,"Rite_",165,80,0.453,0,62,W,Y,0,0,0,0,0,0,0,0,0,0,0,0,0,0,0,0,-0.144,-37.092,0,"눈꽃",-0.09,-17.878,0,"SFIDA",-20.283,-44.708,0,"YukihiroD",-14.63,-63.039,0,"甲斐野柊太",17.131,-46.235,0,"coder_",8.081,-64.77,0,"Azuner",25.248,-98.225,0,"Amellaid",-14.588,-106.593,0,"柴山犬吉",-40.754,-83.698,0,0,0,0,0,0,"",0,0,0,0,2320.407,,,,0,0
53,3,1,1,2,0,1,0,0,0,0,255,255,255,27,2337.16,"559：広告",R,26,84,137,-0.034,0.701,0.16,1.692,-0.185,1.812,-36.434,30.238,86,14,0,0,0,120.506,-166.37,2.391,0,0,1,8,5,R,"Rite_",165,80,0.453,0,62,W,Y,0,0,0,0,0,0,0,0,0,0,0,0,0,0,0,0,0.028,-37.66,0,"눈꽃",-0.104,-18.031,0,"SFIDA",-20.599,-44.074,0,"YukihiroD",-14.576,-62.907,0,"甲斐野柊太",17.484,-46.273,0,"coder_",8.554,-66.711,0,"Azuner",25.073,-98.325,0,"Amellaid",-14.445,-106.858,0,"柴山犬吉",-40.783,-83.724,0,0,0,0,0,0,"",0,0,0,0,2338.719,,,,0,0
54,3,1,1,2,0,2,0,0,0,0,255,255,255,28,2354.6,"559：広告",R,13,78,115,-2.205,0.155,0.124,1.812,-0.339,2.155,-36.434,50.824,86,14,0,1,0,-365.047,341.673,-1.568,0,0,0,8,5,R,"Rite_",165,80,0.453,0,62,W,Y,0,0,0,0,0,0,0,0,0,0,0,0,0,0,0,0,-0.204,-37.219,0,"눈꽃",-0.655,-17.928,0,"SFIDA",-20.211,-43.619,0,"YukihiroD",-14.579,-62.936,0,"甲斐野柊太",18.045,-47.573,0,"coder_",6.457,-66.403,0,"Azuner",25.321,-98.185,0,"Amellaid",-14.479,-106.952,0,"柴山犬吉",-42.444,-84.569,0,0,0,0,0,0,"",0,0,0,0,2356.13,,,,0,0
55,3,1,1,2,1,2,0,0,0,0,255,255,255,29,2370.272,"559：広告",R,27,75,126,1.163,1.445,0.237,1.84,0.353,2.256,-36.434,61.601,90,10,0,1,0,96.37,-111.095,-2.732,0,0,0,8,5,R,"Rite_",165,80,0.453,0,62,W,Y,0,0,0,0,0,0,0,0,0,0,0,0,0,0,0,0,-0.129,-37.054,0,"눈꽃",-0.087,-17.852,0,"SFIDA",-19.679,-42.988,0,"YukihiroD",-14.752,-62.507,0,"甲斐野柊太",18.001,-47.596,0,"coder_",8.169,-66.996,0,"Azuner",25.371,-98.199,0,"Amellaid",-14.495,-106.965,0,"柴山犬吉",-42.455,-84.588,0,0,0,0,0,0,"",0,0,0,0,2371.73,,,,0,0
56,3,1,1,2,0,0,1,0,0,0,255,255,255,30,2391.293,"559：広告",R,26,79,129,3.493,1.945,0.467,1.909,1.368,2.498,-36.434,53.231,87,13,0,1,0,95.243,-160.819,4.252,0,0,0,0,8,R,"Pizzallaris",167.3,86.384,0.352,0,62,W,Y,0,0,0,0,0,0,0,0,0,0,0,0,0,0,0,0,0.41,-37.377,0,"눈꽃",-0.029,-17.828,0,"SFIDA",-19.58,-43.211,0,"YukihiroD",-14.801,-62.513,0,"甲斐野柊太",19.538,-47.834,0,"coder_",7.496,-66.646,0,"Azuner",25.326,-98.396,0,"Amellaid",-14.573,-106.833,0,"柴山犬吉",-42.437,-84.591,0,0,0,0,0,0,"",0,0,0,0,2392.763,,,,0,0
57,3,1,1,2,1,0,1,0,0,0,255,255,255,31,2407.383,"559：広告",R,13,67,96,1.746,1.353,0.556,2.004,1.43,2.961,-36.434,76.462,77,23,0,1,0,-316.838,343.802,3.835,0,0,0,0,8,R,"Pizzallaris",167.3,86.384,0.352,0,43,W,Y,0,0,0,0,0,0,0,0,0,0,0,0,0,0,0,0,-0.017,-37.46,0,"눈꽃",-0.088,-17.855,0,"SFIDA",-19.776,-43.07,0,"YukihiroD",-14.773,-62.5,0,"甲斐野柊太",19.515,-47.878,0,"coder_",8.373,-64.953,0,"Azuner",25.534,-98.485,0,"Amellaid",-14.469,-106.858,0,"柴山犬吉",-42.464,-84.624,0,0,0,0,0,0,"",0,0,0,0,2409.119,,,,0,0
58,3,1,1,2,2,0,1,0,0,0,255,255,255,32,2421.19,"559：広告",R,26,87,140,-0.297,0.304,0.14,1.638,-0.279,1.609,-36.434,25.285,86,14,0,2,0,109.091,-162.588,8.895,0,0,1,0,8,R,"Pizzallaris",167.3,86.384,0.352,3,43,W,Y,2422.269,204,116,67,60,3,139,109,114.481,-52.618,0.19,0,0.144,486.783,342.563,-75.451,-0.025,-37.09,0,"눈꽃",-0.087,-17.988,0,"SFIDA",-19.969,-43.511,0,"YukihiroD",-14.816,-62.562,0,"甲斐野柊太",19.572,-48.007,0,"coder_",6.924,-66.941,0,"Azuner",25.528,-98.637,0,"Amellaid",-14.766,-106.848,0,"柴山犬吉",-42.541,-84.553,0,0,0,0,0,0,"",0,0,0,0,,,,,8,3
59,3,1,1,2,2,1,1,0,0,0,255,255,255,33,2439.648,"559：広告",R,26,87,140,0.94,1.31,0.263,1.779,0.292,2.129,-36.434,30.648,86,14,0,2,0,82.347,-200,6.984,0,0,1,0,8,R,"Pizzallaris",167.3,86.384,0.352,3,43,W,Y,2440.737,254,79,101,64,3,145,83,52.862,40.92,-0.77,0,0.22,519.007,283.976,-28.991,0.156,-37.204,0,"눈꽃",-0.038,-18.053,0,"SFIDA",-19.376,-43.025,0,"YukihiroD",-15.427,-61.599,0,"甲斐野柊太",18.217,-48.197,0,"coder_",7.149,-69.572,0,"Azuner",25.664,-98.33,0,"Amellaid",-13.586,-108.995,0,"柴山犬吉",-44.533,-80.773,96,0,0,0,2446.296,8,"柴山犬吉",-41.034,-58.233,0,0,,,,,72,1
60,3,1,1,2,0,0,2,0,0,0,255,255,255,34,2469.433,"559：広告",R,26,84,136,0.906,0.545,0.234,1.753,0.22,1.774,-36.434,43.533,89,11,0,0,0,121.827,-200,-1.672,0,0,1,1,4,L,"-Alta-",190,86.283,0.478,0,62,W,Y,0,0,0,0,0,0,0,0,0,0,0,0,0,0,0,0,0.042,-37.858,0,"눈꽃",-0.166,-18.054,0,"SFIDA",-18.736,-46.803,0,"YukihiroD",-9.273,-64.944,0,"甲斐野柊太",18.969,-44.5,0,"coder_",14.552,-67.795,0,"Azuner",48.696,-102.381,0,"Amellaid",18.876,-120.464,0,"柴山犬吉",-32.189,-105.515,0,0,0,0,0,0,"",0,0,0,0,2470.674,,,,0,0
61,3,1,1,2,0,1,2,0,0,0,255,255,255,35,2486.375,"559：広告",R,13,72,112,4.371,0.059,0.566,1.753,2.523,2.081,-36.434,73.039,88,12,0,1,0,-360.328,346.646,-5.624,0,0,0,1,4,L,"-Alta-",190,86.283,0.478,0,62,W,Y,0,0,0,0,0,0,0,0,0,0,0,0,0,0,0,0,-0.083,-37.45,0,"눈꽃",-0.003,-18.031,0,"SFIDA",-18.677,-47.165,0,"YukihiroD",-9.295,-64.924,0,"甲斐野柊太",19.246,-44.678,0,"coder_",13.9,-69.318,0,"Azuner",48.68,-102.218,0,"Amellaid",18.968,-120.308,0,"柴山犬吉",-29.75,-103.516,0,0,0,0,0,0,"",0,0,0,0,2487.674,,,,0,0
62,3,1,1,2,1,1,2,0,0,0,255,255,255,36,2500.324,"559：広告",R,13,73,116,0.789,0.297,0.333,1.774,0.773,2.083,-36.434,62.786,87,13,0,2,0,-260.101,241.098,-0.677,0,0,1,1,4,L,"-Alta-",190,86.283,0.478,3,62,W,Y,2501.228,255,147,128,148,69,145,129,106.138,43.864,0.29,0,0.652,383.942,15.295,-215.153,0.037,-37.096,0,"눈꽃",-0.138,-18.138,0,"SFIDA",-18.78,-47.134,0,"YukihiroD",-9.684,-64.815,0,"甲斐野柊太",19.354,-46.83,0,"coder_",12.724,-67.572,0,"Azuner",48.889,-102.059,0,"Amellaid",18.977,-120.304,0,"柴山犬吉",-30.753,-102.226,0,0,0,0,0,0,"",0,0,0,0,,,,,8,3
63,3,1,1,2,1,2,2,0,0,0,255,255,255,37,2519.543,"559：広告",R,26,85,137,4.07,0.191,0.536,1.699,1.614,1.595,-36.434,44.604,90,10,0,4,0,105.076,-152.126,2.064,0,0,1,1,4,L,"-Alta-",190,86.283,0.478,0,62,W,Y,0,0,0,0,0,0,0,0,0,0,0,0,0,0,0,0,-0.822,-37.103,0,"눈꽃",-0.078,-17.981,0,"SFIDA",-18.331,-47.953,0,"YukihiroD",-9.595,-64.866,0,"甲斐野柊太",18.414,-43.058,0,"coder_",13.533,-68.495,0,"Azuner",49.999,-100.938,0,"Amellaid",20.075,-120.086,0,"柴山犬吉",-27.992,-100.76,0,0,0,0,0,0,"",0,0,0,0,2520.874,,,,0,0
64,3,0,1,2,0,0,0,0,0,0,255,255,255,25,2573.113,"Pugeuk",R,29,86,140,-1.677,0.608,0.107,1.633,-0.433,1.923,-36.545,15.889,56,44,0,2,0,-223.352,-83.235,12.761,0,0,1,1,4,L,"甲斐野柊太",190,80,0.2,3,63,A,Y,2574.214,204,28,108,74,31,145,91,-39.558,44.065,-0.77,0,0.143,-130.055,252.721,-50.299,-0.337,-37.845,0,"Pring__",-0.149,-17.735,0,"ame_3",-21.113,-44.958,58,"magimari",-12.435,-62.875,0,"-Alta-",20.288,-46.973,0,"Rite_",16.186,-62.014,0,"alcohol500",47.093,-97.918,0,"紅さかな",0.567,-119.142,0,"Pizzallaris",-41.911,-101.207,0,2574.463,-1.67,-20.17,2576.263,2,"ame_3",-21.223,-40.193,0,0,,,,,136,2
65,3,0,1,2,0,1,0,0,0,0,255,255,255,26,2597.04,"Pugeuk",R,14,77,103,2.409,-1.028,0.275,1.432,0.233,1.399,-36.545,20.85,63,37,0,2,0,387.891,279.991,40.314,0,0,1,1,4,L,"甲斐野柊太",190,80,0.2,3,16,A,Y,2598.292,255,75,82,81,69,145,111,-30,-19.84,0.93,0,0.093,101.908,509.214,70.938,-0.148,-37.199,0,"Pring__",0.323,-17.765,0,"ame_3",-20.823,-44.653,88,"magimari",-12.334,-63.094,0,"-Alta-",21.649,-48.194,0,"Rite_",16.138,-61.755,99,"alcohol500",48.173,-95.97,0,"紅さかな",0.026,-119.689,0,"Pizzallaris",-42.047,-101.096,0,2598.563,0.796,-21.18,2600.463,5,"Rite_",13.19,-56.199,0,0,,,,,392,2
66,3,0,1,2,0,0,1,0,0,0,255,255,255,27,2624.575,"Pugeuk",R,3,66,95,-1.725,0.08,0.265,1.563,0.201,1.684,-36.545,29.605,43,57,0,1,0,-431.818,0,-16.519,0,0,0,2,6,L,"Azuner",180.8,80,0.348,0,62,W,Y,0,0,0,0,0,0,0,0,0,0,0,0,0,0,0,0,0.073,-37.699,0,"Pring__",-0.032,-17.669,0,"ame_3",-20.141,-45.585,0,"magimari",-11.321,-62.877,0,"-Alta-",21.139,-47.704,0,"Rite_",15.214,-62.638,0,"alcohol500",46.485,-96.805,0,"紅さかな",1.024,-119.818,0,"Pizzallaris",-42.059,-101.094,0,0,0,0,0,0,"",0,0,0,0,2626.085,,,,0,0
67,3,0,1,2,1,0,1,0,0,0,255,255,255,28,2641.319,"Pugeuk",R,29,83,135,-1.278,-0.112,0.148,1.494,-0.241,1.462,-36.545,15.688,53,47,0,2,0,-231.511,-84.881,24.659,0,0,1,2,6,L,"Azuner",180.8,80,0.348,3,62,W,Y,2642.37,193,196,53,53,24,137,89,60.81,-56.541,-0.46,0,0.377,51.656,-22.863,-10.388,0.006,-37.087,0,"Pring__",-0.059,-17.389,0,"ame_3",-20.741,-45.31,0,"magimari",-11.45,-62.746,0,"-Alta-",21.106,-47.596,0,"Rite_",14.911,-62.908,0,"alcohol500",49.52,-95.909,0,"紅さかな",1.517,-119.858,0,"Pizzallaris",-42.613,-101.508,0,2647.685,53.643,-54.336,0,0,"",0,0,0,0,,,,,8,3
68,3,0,1,2,1,1,1,0,0,0,255,255,255,29,2662.906,"Pugeuk",R,6,77,117,2.461,-0.782,0.268,1.4,0.314,1.144,-36.545,15.635,47,53,0,4,0,444.531,0,15.934,0,0,1,2,6,L,"Azuner",180.8,80,0.348,0,67,W,Y,0,0,0,0,0,0,0,0,0,0,0,0,0,0,0,0,-0.074,-37.878,0,"Pring__",0.302,-17.162,0,"ame_3",-20.621,-43.895,0,"magimari",-9.815,-61.999,0,"-Alta-",20.71,-44.16,0,"Rite_",15.058,-63.706,0,"alcohol500",50.389,-94.861,0,"紅さかな",0.147,-119.579,0,"Pizzallaris",-45.183,-102.425,0,0,0,0,0,0,"",0,0,0,0,2664.285,,,,0,0
69,3,0,1,2,1,2,1,0,0,0,255,255,255,30,2681.526,"Pugeuk",R,13,70,110,-2.348,-0.072,0.133,1.651,-0.31,1.998,-36.545,18.695,43,57,0,2,0,-390.434,312.348,1.656,0,0,1,2,6,L,"Azuner",180.8,80,0.348,3,67,W,Y,2682.742,168,111,35,33,26,119,74,-87.283,86.09,-0.64,0,0.226,-318.427,-155.367,-209.983,-0.193,-37.677,0,"Pring__",-0.25,-17.55,0,"ame_3",-21.2,-45.731,0,"magimari",-10.161,-61.698,0,"-Alta-",21.518,-47.926,0,"Rite_",14.843,-62.949,0,"alcohol500",51.213,-96.512,0,"紅さかな",0.487,-119.631,0,"Pizzallaris",-44.943,-102.062,0,2682.852,-1.037,-19.173,0,0,"",0,0,0,0,,,,,8,3
70,3,0,1,2,1,2,1,0,0,0,255,255,255,31,2695.027,"Pugeuk",R,31,85,138,2.297,-0.257,0.441,1.484,1.122,1.43,-36.545,30.199,55,45,0,1,0,-98.698,-27.6,11.128,0,0,0,2,6,L,"Azuner",180.8,80,0.348,0,67,W,Y,0,0,0,0,0,0,0,0,0,0,0,0,0,0,0,0,-0.068,-37.977,0,"Pring__",0.031,-16.97,0,"ame_3",-22.152,-47.437,0,"magimari",-9.814,-62.436,0,"-Alta-",21.636,-46.72,0,"Rite_",15.281,-61.54,0,"alcohol500",49.154,-96.261,0,"紅さかな",0.027,-118.692,0,"Pizzallaris",-43.945,-103.058,0,0,0,0,0,0,"",0,0,0,0,2696.308,,,,0,0
71,3,0,1,2,2,2,1,0,0,0,255,255,255,32,2709.005,"Pugeuk",R,29,84,136,-0.687,-0.198,0.189,1.486,-0.052,1.435,-36.545,19.124,46,54,0,2,0,-184.456,-59.838,24.024,0,0,1,2,6,L,"Azuner",180.8,80,0.348,3,67,W,Y,2710.1,218,58,51,35,5,133,106,-30,-7.755,0.9,0,0.287,-387.186,36.343,-73.856,-0.002,-37.382,0,"Pring__",-0.075,-17.16,0,"ame_3",-22.053,-46.805,84,"magimari",-9.839,-62.417,0,"-Alta-",21.955,-48.647,0,"Rite_",14.866,-61.612,0,"alcohol500",50.431,-96.611,0,"紅さかな",-0.325,-118.684,0,"Pizzallaris",-43.943,-103.05,0,2710.23,-0.038,-19.593,2712.552,5,"Rite_",5.517,-60.503,0,0,,,,,392,2
72,3,0,1,2,0,0,2,0,0,0,255,255,255,33,2740.019,"Pugeuk",R,10,68,99,-0.151,-0.901,0.177,1.553,-0.071,1.66,-36.545,18.566,59,41,0,0,0,0,400,8.382,0,0,0,3,0,R,"559：広告",190,107,0.407,0,32,W,Y,0,0,0,0,0,0,0,0,0,0,0,0,0,0,0,0,-0.364,-37.779,0,"Pring__",-0.149,-16.773,0,"ame_3",-21.649,-45.819,0,"magimari",-12.972,-62.49,0,"-Alta-",20.974,-50.709,0,"Rite_",11.827,-64.555,0,"alcohol500",45.168,-98.473,0,"紅さかな",-0.874,-118.775,0,"Pizzallaris",-46.192,-103.88,0,0,0,0,0,0,"",0,0,0,0,2741.519,,,,0,0
73,3,0,1,2,0,1,2,0,0,0,255,255,255,34,2758.788,"Pugeuk",R,13,65,107,-1.397,-0.325,0.192,1.64,-0.038,1.945,-36.545,34.59,86,14,0,2,0,-302.173,391.79,-3.001,0,0,1,3,0,R,"559：広告",190,107,0.407,3,32,W,Y,2759.901,170,73,149,114,93,145,104,41.336,41.002,0.94,0,0.538,73.769,-179.838,228.837,0.117,-37.456,0,"Pring__",-0.508,-17.111,0,"ame_3",-21.567,-45.833,0,"magimari",-12.984,-62.443,0,"-Alta-",20.964,-50.549,0,"Rite_",11.59,-64.393,0,"alcohol500",44.9,-97.848,0,"紅さかな",-0.523,-118.712,0,"Pizzallaris",-46.201,-103.883,98,2764.907,-54.276,-86.208,2765.119,8,"Pizzallaris",-52.929,-84.355,0,0,,,,,9,1
74,4,1,1,2,0,0,0,0,0,0,255,255,255,38,2814.223,"559：広告",R,27,90,140,-2.776,0.461,-0.069,1.689,-1.25,1.78,-36.434,23.506,93,7,0,2,0,31.738,-140.824,6.859,0,0,0,2,1,L,"Pring__",190,92.818,0.485,3,62,W,Y,2815.028,255,81,166,97,59,145,93,62.174,53.691,-0.67,0,0.468,442.882,287.069,-285.389,-0.398,-36.716,0,"눈꽃",-0.135,-17.864,0,"SFIDA",-16.341,-46.277,0,"YukihiroD",-9.367,-65.404,0,"甲斐野柊太",20.675,-47.292,0,"coder_",12.339,-65.608,0,"Azuner",48.292,-101.592,0,"Amellaid",16.077,-119.944,0,"柴山犬吉",-29.546,-104.608,0,2821.03,-56.188,-54.295,0,0,"",0,0,0,0,,,,,8,3
75,4,1,1,2,0,1,0,0,0,0,255,255,255,39,2836.097,"559：広告",R,26,80,130,-0.684,0.345,0.086,1.714,-0.445,1.656,-36.434,41.562,92,8,0,2,0,99.007,-181.959,3.011,0,0,0,2,1,L,"Pring__",190,92.818,0.485,3,62,W,Y,2836.921,255,126,98,110,54,145,99,110.322,-8.354,-0.38,0,0.616,454.701,-102.212,-128.621,-0.405,-36.896,0,"눈꽃",-0.336,-17.961,0,"SFIDA",-20.463,-44.831,0,"YukihiroD",-10.251,-65.524,0,"甲斐野柊太",20.593,-47.27,0,"coder_",11.164,-65.707,0,"Azuner",48.749,-101.739,0,"Amellaid",16.859,-121.656,0,"柴山犬吉",-33.521,-99.074,0,0,0,0,0,0,"",0,0,0,0,,,,,8,3
76,4,1,1,2,0,2,0,0,0,0,255,255,255,40,2869.326,"559：広告",R,13,72,99,-2.168,-2.196,0.121,1.341,-0.312,0.798,-36.434,30.571,0,100,0,1,0,-304.705,367.935,-4.148,-0.451,-19.676,0,2,1,L,"Pring__",190,92.818,0.485,0,62,W,Y,0,0,0,0,0,0,0,0,0,0,0,0,0,0,0,0,-0.225,-38.032,0,"눈꽃",-0.334,-18.275,0,"SFIDA",-20.182,-44.797,0,"YukihiroD",-10.273,-65.019,0,"甲斐野柊太",20.279,-45.28,0,"coder_",10.994,-65.666,0,"Azuner",48.772,-101.671,0,"Amellaid",15.192,-122.755,0,"柴山犬吉",-35.134,-94.895,0,0,0,0,0,0,"",0,0,0,0,2870.919,,,,0,0
77,4,1,1,2,1,2,0,0,0,0,255,255,255,41,2885.483,"559：広告",R,28,90,140,-3.44,-0.002,-0.127,1.62,-1.521,1.556,-36.434,18.101,88,12,0,2,0,18.903,-62.526,3.351,0,0,0,2,1,L,"Pring__",190,92.818,0.485,3,62,W,Y,2886.266,225,116,88,100,97,145,104,11.184,28.781,-0.14,0,0.406,-99.718,-29.231,-6.998,-0.464,-36.851,0,"눈꽃",-0.144,-17.849,0,"SFIDA",-19.41,-45.138,85,"YukihiroD",-10.329,-65.241,0,"甲斐野柊太",22.433,-49.717,0,"coder_",10.904,-65.769,0,"Azuner",48.532,-101.784,0,"Amellaid",15.277,-122.737,0,"柴山犬吉",-35.123,-94.818,0,0,0,0,2888.052,2,"SFIDA",-15.883,-48.068,0,0,,,,,136,1
78,4,1,1,2,0,0,1,0,0,0,255,255,255,42,2916.239,"559：広告",R,0,92,140,-1.076,0.161,0.093,1.656,-0.497,1.674,-36.434,18.251,93,7,0,0,0,19.123,-42.239,2.423,0,0,0,3,0,R,"Pugeuk",190,84,0.297,0,63,W,Y,0,0,0,0,0,0,0,0,0,0,0,0,0,0,0,0,0.228,-38.035,0,"눈꽃",-0.151,-17.994,0,"SFIDA",-20.18,-43.339,0,"YukihiroD",-15.43,-61.821,0,"甲斐野柊太",18.07,-50.353,0,"coder_",7.186,-66.866,0,"Azuner",24.726,-105.081,0,"Amellaid",-19.711,-118.152,0,"柴山犬吉",-47.074,-93.713,0,0,0,0,0,0,"",0,0,0,0,2917.663,,,,0,0
79,4,1,1,2,0,1,1,0,0,0,255,255,255,43,2931.741,"559：広告",R,26,90,140,1.691,1.647,0.329,1.903,0.602,2.472,-36.434,39.34,88,12,0,2,0,93.748,-200,6.737,0,0,1,3,0,R,"Pugeuk",190,84,0.297,3,63,W,Y,2932.797,117,47,67,22,14,127,85,21.691,36.152,-0.48,0,0.527,149.443,433.408,-258.302,0.294,-37.157,0,"눈꽃",0.109,-17.738,0,"SFIDA",-19.798,-44.124,70,"YukihiroD",-15.309,-61.62,0,"甲斐野柊太",19.218,-49.487,0,"coder_",8.138,-66.547,0,"Azuner",25.504,-104.836,0,"Amellaid",-17.43,-118.468,0,"柴山犬吉",-48.001,-91.632,100,2936.652,-42.168,-69.458,2937.596,8,"柴山犬吉",-47.247,-74.513,1,0,,,,,200,2
80,4,1,1,2,0,0,1,1,0,0,0,255,255,44,2964.653,"559：広告",R,0,88,140,-0.672,-0.568,0.129,1.534,-0.332,1.24,-36.434,18.498,53,47,0,0,0,26.262,-40.652,2.443,0,0,0,4,6,L,"alcohol500",171.9,89.678,0.4,0,64,W,Y,0,0,0,0,0,0,0,0,0,0,0,0,0,0,0,0,-0.085,-37.869,0,"눈꽃",-0.233,-17.735,0,"SFIDA",-19.489,-41.908,0,"YukihiroD",-7.087,-64.531,0,"甲斐野柊太",19.321,-45.959,0,"coder_",10.528,-64.023,0,"Azuner",47.797,-97.663,0,"Amellaid",15.525,-111.398,0,"柴山犬吉",-31.216,-94.882,0,0,0,0,0,0,"",0,0,0,0,2965.963,,,,0,0
81,4,1,1,2,0,1,1,1,0,0,0,255,255,45,2980.686,"559：広告",R,0,77,115,-3.12,-1.457,-0.233,1.286,-1.341,0.784,-36.434,7.527,42,58,0,1,0,-6.61,0,4.747,0,0,0,4,6,L,"alcohol500",171.9,89.678,0.4,0,64,W,Y,0,0,0,0,0,0,0,0,0,0,0,0,0,0,0,0,0,-37.4,120,"눈꽃",-0.754,-18.013,0,"SFIDA",-20.124,-40.613,0,"YukihiroD",-7.534,-64.339,0,"甲斐野柊太",20.28,-46.083,0,"coder_",11.833,-64.639,0,"Azuner",48.359,-94.918,0,"Amellaid",15.537,-111.506,0,"柴山犬吉",-31.519,-94.716,0,0,0,0,0,0,"",0,0,0,0,2982.085,,,,0,0
82,4,1,1,2,1,1,1,1,0,0,0,255,255,46,3015.124,"559：広告",R,13,68,108,-1.693,-2.115,0.214,1.502,-0.099,0.924,-36.434,29.507,0,100,0,2,0,-347.166,353.512,8.535,0,0,1,4,6,L,"alcohol500",171.9,89.678,0.4,3,64,W,Y,3016.054,144,81,55,90,46,136,125,26.621,2.075,0.62,0,0.085,323.739,-313.741,-270.364,0.091,-37.481,0,"눈꽃",-0.144,-17.906,0,"SFIDA",-19.163,-43.22,0,"YukihiroD",-7.491,-64.256,0,"甲斐野柊太",19.299,-44.389,76,"coder_",12.769,-64.392,0,"Azuner",48.726,-94.779,0,"Amellaid",15.68,-113.458,95,"柴山犬吉",-33.496,-95.219,0,3021.585,5.225,-134.715,3022.541,7,"Amellaid",5.663,-131.897,1,0,,3021.651,3026.759,,266,2
83,4,1,1,2,0,0,1,0,1,1,255,6,0,47,3056.974,"559：広告",R,13,82,120,-1.404,-1.663,0.192,1.528,-0.038,1.185,-36.434,39.774,95,5,0,2,0,-357.836,349.219,4.919,0,0,1,5,3,R,"magimari",160,85,0.351,3,65,W,Y,3058.159,255,148,84,71,42,145,86,-21.893,34.471,1,0,0.487,118.437,-248.321,-29.794,-0.112,-37.781,0,"눈꽃",-0.009,-17.885,0,"SFIDA",-17.846,-42.897,62,"YukihiroD",-15.891,-60.678,0,"甲斐野柊太",17.038,-45.185,0,"coder_",8.312,-61.982,0,"Azuner",27.926,-100.314,0,"Amellaid",-10.966,-107.141,0,"柴山犬吉",-40.082,-84.115,0,3058.33,-0.729,-20.362,3060.074,2,"SFIDA",-15.676,-40.914,0,0,,3063.38,3062.521,,136,2
84,4,1,1,2,0,0,2,0,1,1,255,6,0,48,3086.185,"559：広告",R,26,83,135,2.943,1.939,0.416,1.918,1.052,2.51,-36.434,51.997,87,13,0,4,0,156.077,-200,1.76,0,0,1,6,7,R,"紅さかな",172.5,86,0.399,0,65,W,Y,0,0,0,0,0,0,0,0,0,0,0,0,0,0,0,0,0.122,-37.491,0,"눈꽃",-0.03,-18.061,0,"SFIDA",-18.994,-42.668,0,"YukihiroD",-15.993,-61.517,0,"甲斐野柊太",19.679,-41.907,0,"coder_",7.196,-69.338,0,"Azuner",26.497,-100.881,0,"Amellaid",-15.071,-107.731,0,"柴山犬吉",-43.158,-89.569,0,0,0,0,0,0,"",0,0,0,0,3087.708,3089.37,3089.141,,0,0
85,4,1,1,2,0,1,2,0,1,1,255,6,0,49,3103.884,"559：広告",R,4,69,115,-1.123,-0.613,0.16,1.586,-0.068,1.254,-36.434,58.227,95,5,0,0,0,-249.452,0,-4.433,0,0,0,6,7,R,"紅さかな",172.5,86,0.399,0,65,W,Y,0,0,0,0,0,0,0,0,0,0,0,0,0,0,0,0,0.019,-37.692,0,"눈꽃",-0.346,-17.958,0,"SFIDA",-19.018,-43.261,0,"YukihiroD",-15.953,-61.61,0,"甲斐野柊太",19.087,-41.329,0,"coder_",6.204,-65.813,0,"Azuner",26.18,-100.875,0,"Amellaid",-15.101,-107.886,0,"柴山犬吉",-43.67,-89.022,0,0,0,0,0,0,"",0,0,0,0,3105.419,3107.015,3106.326,,0,0
86,4,1,1,2,0,2,2,0,1,1,255,6,0,50,3127.178,"559：広告",R,4,63,98,-0.703,0.188,0.187,1.693,0.157,1.731,-36.434,67.045,95,5,0,0,0,-222.616,0,-0.135,0,0,1,6,7,R,"紅さかな",172.5,86,0.399,0,65,W,Y,0,0,0,0,0,0,0,0,0,0,0,0,0,0,0,0,-0.043,-37.482,0,"눈꽃",-0.232,-18.174,0,"SFIDA",-19.096,-41.001,0,"YukihiroD",-15.934,-61.583,0,"甲斐野柊太",17.669,-43.087,0,"coder_",4.421,-65.119,0,"Azuner",26.118,-100.878,0,"Amellaid",-15.251,-107.713,0,"柴山犬吉",-44.379,-87.844,0,0,0,0,0,0,"",0,0,0,64,3128.785,,,,0,0
87,4,0,1,2,0,0,0,0,0,0,255,255,255,35,3174.652,"Pugeuk",R,6,94,115,3.278,-0.915,0.376,1.27,0.544,1.049,-36.545,19.493,50,50,0,1,0,500,0,31.68,0,0,0,4,1,L,"눈꽃",190,90,0.6,0,66,W,Y,0,0,0,0,0,0,0,0,0,0,0,0,0,0,0,0,0.217,-37.654,0,"Pring__",0.195,-17.007,0,"ame_3",-19.67,-44.52,0,"magimari",-10.613,-63.931,0,"-Alta-",21.777,-47.888,0,"Rite_",14.355,-61.789,0,"alcohol500",46.508,-101.495,0,"紅さかな",0.637,-119.42,0,"Pizzallaris",-40.989,-94.433,0,0,0,0,0,0,"",0,0,0,0,3175.808,,,,0,0
88,4,0,1,2,1,0,0,0,0,0,255,255,255,36,3191.126,"Pugeuk",R,30,86,139,-1.719,-0.248,0.081,1.469,-0.555,1.39,-36.545,14.194,51,49,0,2,0,-144.582,-79.823,13.219,0,0,1,4,1,L,"눈꽃",190,90,0.6,3,66,W,Y,3191.98,255,27,111,55,13,145,100,-66.778,8.852,-0.33,0,0.293,-227.536,214.941,-28.941,-0.112,-37.095,104,"Pring__",-0.072,-17.012,0,"ame_3",-19.756,-44.608,85,"magimari",-10.713,-63.102,0,"-Alta-",21.461,-49.341,0,"Rite_",14.199,-61.497,0,"alcohol500",46.37,-100.721,0,"紅さかな",0.756,-119.433,0,"Pizzallaris",-41.649,-95.508,0,3192.03,-0.429,-19.093,3195.03,0,"Pugeuk",-4.15,-42.731,0,0,,,,,136,2
89,4,0,1,2,0,0,1,0,0,0,255,255,255,37,3223.563,"Pugeuk",R,10,74,103,0.317,-1.416,0.242,1.454,0.131,1.427,-36.545,22.928,47,53,0,4,0,0,400,2.085,0,0,1,5,3,R,"YukihiroD",174,87.01,0.349,0,66,W,Y,0,0,0,0,0,0,0,0,0,0,0,0,0,0,0,0,0.243,-37.366,0,"Pring__",-0.118,-17.039,0,"ame_3",-20.488,-45.426,0,"magimari",-13.465,-63.002,0,"-Alta-",20.023,-49.211,0,"Rite_",8.894,-65.385,0,"alcohol500",42.569,-101.006,0,"紅さかな",-0.107,-119.641,0,"Pizzallaris",-42.668,-94.027,0,0,0,0,0,0,"",0,0,0,0,3224.952,,,,0,0
90,4,0,1,2,0,1,1,0,0,0,255,255,255,38,3243.807,"Pugeuk",R,29,80,131,0.619,1.163,0.32,1.695,0.558,2.168,-36.545,21.761,94,6,0,2,0,-204.041,-102.633,11.311,0,0,1,5,3,R,"YukihiroD",174,87.01,0.349,3,66,W,Y,3244.902,253,56,114,34,17,145,106,-16.765,40.078,0.94,0,0.405,-299.412,199.717,-130.546,-0.363,-37.406,0,"Pring__",0.046,-17.094,0,"ame_3",-20.539,-45.378,0,"magimari",-13.249,-62.654,0,"-Alta-",20.788,-49.323,0,"Rite_",11.072,-64.656,0,"alcohol500",41.259,-99.681,0,"紅さかな",-0.124,-119.67,0,"Pizzallaris",-41.839,-92.77,0,3245.096,-2.942,-22.767,3246.452,2,"ame_3",-19.422,-42.135,0,0,,,,,136,2
91,4,0,1,2,0,0,2,0,0,0,255,255,255,39,3269.411,"Pugeuk",R,2,70,98,1.593,1.388,0.657,1.687,1.417,1.986,-36.545,43.472,91,9,0,1,0,-347.842,-312.348,0.233,0,0,0,6,8,R,"柴山犬吉",169.8,90,0.598,0,66,W,Y,0,0,0,0,0,0,0,0,0,0,0,0,0,0,0,0,-0.146,-37.775,0,"Pring__",0.085,-16.906,0,"ame_3",-21.022,-45.213,0,"magimari",-13.853,-62.205,0,"-Alta-",19.249,-46.099,0,"Rite_",14.021,-63.462,0,"alcohol500",39.232,-98.857,0,"紅さかな",-0.195,-110.209,0,"Pizzallaris",-40.377,-91.608,0,0,0,0,0,0,"",0,0,0,0,3270.885,,,,0,0
92,4,0,1,2,1,0,2,0,0,0,255,255,255,40,3286.889,"Pugeuk",R,13,69,97,0.828,-0.779,0.552,1.579,1.091,1.725,-36.545,33.961,41,59,0,0,0,-344.292,312.348,-15.024,0,0,1,6,8,R,"柴山犬吉",169.8,90,0.598,0,66,W,Y,0,0,0,0,0,0,0,0,0,0,0,0,0,0,0,0,-0.263,-37.504,0,"Pring__",0.029,-16.878,0,"ame_3",-21.068,-45.16,0,"magimari",-13.616,-61.937,0,"-Alta-",21.056,-46.672,0,"Rite_",14.235,-63.524,0,"alcohol500",43.953,-92.446,0,"紅さかな",-0.692,-110.151,0,"Pizzallaris",-40.052,-92.567,0,0,0,0,0,0,"",0,0,0,0,3288.352,,,,0,0
93,4,0,1,2,1,1,2,0,0,0,255,255,255,41,3307.044,"Pugeuk",R,10,80,120,0.653,1.093,0.259,1.851,0.277,2.743,-36.545,22.747,92,8,0,2,0,0,400,-0.433,0,0,1,6,8,R,"柴山犬吉",169.8,90,0.598,3,66,W,Y,3308.168,195,52,96,36,19,145,86,-75.917,71.033,-0.65,0,0.161,-350.402,333.468,-15.874,0.099,-37.643,0,"Pring__",0.018,-17.065,0,"ame_3",-21.115,-45.249,0,"magimari",-13.579,-61.952,0,"-Alta-",21.471,-48.601,0,"Rite_",14.166,-63.503,0,"alcohol500",42.577,-94.834,0,"紅さかな",-0.708,-110.186,0,"Pizzallaris",-40.073,-92.542,0,3308.252,-0.657,-19.408,0,0,"",0,0,0,0,,,,,8,3
94,4,0,1,2,1,2,2,0,0,0,255,255,255,42,3326.041,"Pugeuk",R,29,89,140,2.635,0.299,0.5,1.557,1.393,1.681,-36.545,28.463,65,35,0,2,0,-193.398,-95.011,16.097,0,0,1,6,8,R,"柴山犬吉",169.8,90,0.598,3,67,W,Y,3327.115,201,187,137,68,37,145,83,38.815,-19.115,-0.84,0,0.215,70.076,-412.099,114.111,0.175,-37.657,0,"Pring__",0.197,-17.109,0,"ame_3",-21.977,-46.111,0,"magimari",-13.324,-62.142,0,"-Alta-",21.7,-48.631,0,"Rite_",13.113,-60.364,68,"alcohol500",45.213,-95.452,0,"紅さかな",-0.251,-111.437,0,"Pizzallaris",-41.804,-90.161,0,0,0,0,3332.041,5,"Rite_",24.696,-74.109,0,0,,,,,264,1
95,5,1,1,2,0,0,0,0,0,0,255,255,255,51,3377.175,"559：広告",R,33,68,121,6.853,2.101,0.611,1.904,2.795,2.824,-36.434,76.64,76,24,0,1,0,107.707,-103.877,-1.085,0,0,0,7,2,L,"ame_3",190,80,0.225,0,67,W,Y,0,0,0,0,0,0,0,0,0,0,0,0,0,0,0,0,0.166,-37.042,0,"눈꽃",1.124,-17.559,0,"SFIDA",-17.957,-44.634,0,"YukihiroD",-8.95,-65.744,0,"甲斐野柊太",19.571,-45.267,0,"coder_",14.832,-69.113,0,"Azuner",47.235,-94.675,0,"Amellaid",14.914,-111.229,0,"柴山犬吉",-33.941,-96.144,0,0,0,0,0,0,"",0,0,0,0,3378.619,,,,0,0
96,5,1,1,2,1,0,0,0,0,0,255,255,255,52,3391.415,"559：広告",R,28,73,125,1.479,1.003,0.321,1.772,0.563,2.049,-36.434,37.078,84,16,0,2,0,61.16,-93.012,0.184,0,0,1,7,2,L,"ame_3",190,80,0.225,3,67,W,Y,3392.44,255,85,9,45,74,45,49,-33.897,49.541,0.52,0,0.124,-257.285,46.257,-540.06,-0.088,-37.02,0,"눈꽃",0.034,-17.953,0,"SFIDA",-17.969,-44.54,85,"YukihiroD",-9.222,-65.719,0,"甲斐野柊太",19.451,-45.173,0,"coder_",13.956,-68.385,0,"Azuner",47.482,-94.562,0,"Amellaid",14.92,-111.313,0,"柴山犬吉",-33.973,-96.156,0,3392.685,-1.783,-21.908,3395.396,2,"SFIDA",-17.924,-36.395,0,0,,,,,136,2
97,5,1,1,2,1,1,0,0,0,0,255,255,255,53,3412.157,"559：広告",R,27,91,140,-0.658,0.457,0.118,1.694,-0.382,1.798,-36.434,22.061,85,15,0,0,0,69.304,-116.219,4.141,0,0,1,7,2,L,"ame_3",190,80,0.225,0,67,W,Y,0,0,0,0,0,0,0,0,0,0,0,0,0,0,0,0,-0.064,-37.887,0,"눈꽃",-0.186,-17.749,0,"SFIDA",-18.139,-43.213,0,"YukihiroD",-8.963,-65.489,0,"甲斐野柊太",19.225,-49.683,0,"coder_",13.49,-69.902,0,"Azuner",45.691,-95.201,0,"Amellaid",5.44,-112.003,0,"柴山犬吉",-38.717,-89.369,0,0,0,0,0,0,"",0,0,0,0,3413.708,,,,0,0
98,5,1,1,2,1,2,0,0,0,0,255,255,255,54,3429.263,"559：広告",R,26,92,140,0.887,0.94,0.252,1.769,0.243,2.04,-36.434,30.528,86,14,0,2,0,102.034,-188.049,8.384,0,0,1,7,2,L,"ame_3",190,80,0.225,3,67,W,Y,3430.318,255,60,120,14,60,142,105,18.445,-0.562,0.91,0,0.352,458.245,-365.928,-38.345,0.314,-37.085,0,"눈꽃",-0.116,-17.998,0,"SFIDA",-18.534,-43.364,0,"YukihiroD",-9.043,-65.447,0,"甲斐野柊太",21.802,-48.432,0,"coder_",12.206,-69.312,0,"Azuner",45.475,-95.278,0,"Amellaid",5.407,-111.927,86,"柴山犬吉",-39.249,-89.926,0,3435.463,8.784,-115.215,3435.663,7,"Amellaid",8.241,-111.819,0,0,,,,,265,1
99,5,1,1,2,0,0,1,0,0,0,255,255,255,55,3458.084,"559：広告",R,27,73,125,3.437,1.884,0.395,1.907,1.202,2.623,-36.434,61.823,86,14,0,3,0,118.179,-135.612,0.458,0,0,0,8,5,R,"Rite_",165,80,0.453,0,41,W,Y,0,0,0,0,0,0,0,0,0,0,0,0,0,0,0,0,-0.773,-36.99,0,"눈꽃",-0.115,-18.667,0,"SFIDA",-18.705,-44.005,0,"YukihiroD",-14.021,-63.083,0,"甲斐野柊太",15.657,-46.459,0,"coder_",7.582,-64.468,0,"Azuner",25.797,-99.801,0,"Amellaid",-12.447,-106.774,0,"柴山犬吉",-43.646,-83.878,0,0,0,0,0,0,"",0,0,0,0,3460.507,,,,0,6
100,5,1,1,2,0,0,1,1,0,0,5,255,255,56,3497.425,"559：広告",R,26,77,128,0.57,1.452,0.23,1.847,0.087,2.213,-36.434,47.841,79,21,0,2,0,103.265,-171.462,4.954,0,0,1,0,8,R,"Pizzallaris",167.3,86.384,0.352,3,67,W,Y,3498.494,219,255,128,122,54,145,89,32.32,16.966,-0.47,0.095,0.19,349.725,278.605,353.688,-0.036,-37.392,0,"눈꽃",-0.099,-17.971,0,"SFIDA",-19.453,-42.33,67,"YukihiroD",-12.569,-59.09,0,"甲斐野柊太",16.686,-45.338,0,"coder_",7.751,-61.794,0,"Azuner",25.841,-99.556,0,"Amellaid",-10.614,-106.635,0,"柴山犬吉",-44.043,-82.21,107,3503.319,-26.789,-86.69,3503.441,8,"柴山犬吉",-25.657,-84.114,0,0,,,,,200,1
101,5,1,1,2,0,0,2,1,0,0,5,255,255,57,3525.084,"559：広告",R,27,80,130,-0.615,0.244,0.22,1.733,0.133,1.76,-36.434,49.57,86,14,0,2,0,105.131,-121.236,2.569,0,0,1,1,4,L,"-Alta-",190,86.283,0.478,3,68,W,Y,3525.959,240,141,119,69,21,145,111,27.265,3.782,0.06,0,0.539,240.399,-469.299,18.961,-0.094,-37.376,0,"눈꽃",-0.213,-17.942,0,"SFIDA",-17.484,-42.999,0,"YukihiroD",-7.61,-65.74,0,"甲斐野柊太",21.211,-47.986,0,"coder_",12.933,-67.268,0,"Azuner",47.54,-100.229,0,"Amellaid",10.949,-120.829,95,"柴山犬吉",-38.222,-97.107,0,0,0,0,3531.263,7,"Amellaid",3.508,-112.515,0,0,3538.219,3530.501,,3538.014,268,1
102,5,0,1,2,0,0,0,0,0,0,255,255,255,43,3572.627,"Pugeuk",R,29,81,132,-0.25,0.987,0.213,1.646,0.06,1.966,-36.545,26.773,96,4,0,2,0,-250,-164.62,23.115,0,0,1,7,2,L,"SFIDA",188.8,80,0.2,3,68,W,Y,3573.559,121,181,0,0,4,18,43,-0.15,-5.761,-0.74,0,1.162,121.279,-268.838,183.089,0.067,-37.385,120,"Pring__",-0.118,-17.09,0,"ame_3",-20.765,-44.639,75,"magimari",-12.286,-63.362,0,"-Alta-",22.918,-48.976,0,"Rite_",16.777,-60.815,0,"alcohol500",47.57,-95.28,0,"紅さかな",2.967,-119.099,0,"Pizzallaris",-41.808,-97.177,0,3574.418,1.041,-29.654,3575.186,0,"Pugeuk",1.217,-33.63,0,128,,,,,136,2
103,5,0,1,2,0,0,1,0,0,0,255,255,255,44,3592.017,"Pugeuk",R,30,81,132,-1.805,0.776,0.073,1.621,-0.59,1.927,-36.545,15.518,53,47,0,1,0,-136.961,-72.128,7.922,0,0,0,8,7,L,"Amellaid",160,86,0.44,0,68,W,Y,0,0,0,0,0,0,0,0,0,0,0,0,0,0,0,0,-0.222,-37.573,0,"Pring__",-0.042,-17.124,0,"ame_3",-19.909,-43.502,0,"magimari",-12.585,-63.258,0,"-Alta-",21.851,-46.849,0,"Rite_",14.695,-60.972,0,"alcohol500",45.557,-93.826,0,"紅さかな",-0.624,-109.733,0,"Pizzallaris",-41.816,-97.184,0,0,0,0,0,0,"",0,0,0,0,3593.774,,,,0,0
104,5,0,1,2,1,0,1,0,0,0,255,255,255,45,3608.127,"Pugeuk",R,29,82,133,-2.71,0.968,0.022,1.659,-0.828,2.073,-36.545,15.656,93,7,0,2,0,-245.352,-30.338,17.689,0,0,1,8,7,L,"Amellaid",160,86,0.44,3,68,W,Y,3609,240,91,82,42,18,140,78,96.846,-78.705,-0.79,0,0.394,258.258,-104.274,427.135,-0.283,-37.311,0,"Pring__",-0.111,-17.128,0,"ame_3",-19.889,-43.708,0,"magimari",-12.476,-63.254,0,"-Alta-",22.191,-47.978,0,"Rite_",15.087,-61.213,0,"alcohol500",46.144,-93.547,0,"紅さかな",-0.928,-109.819,0,"Pizzallaris",-41.879,-96.732,0,3614.174,-43.44,-11.1,0,0,"",0,0,0,0,,,,,8,3
105,5,0,1,2,1,1,1,0,0,0,255,255,255,46,3627.149,"Pugeuk",R,6,85,124,2.797,0.9,0.293,1.657,0.431,2.066,-36.545,25.887,52,48,0,2,0,500,0,24.064,0,0,1,8,7,L,"Amellaid",160,86,0.44,3,68,W,Y,3628.094,255,47,62,18,21,130,72,-63.582,-5.741,-0.78,0,0.317,90.786,-208.282,-483.892,-0.308,-37.115,0,"Pring__",0.265,-17.116,0,"ame_3",-20.249,-43.452,111,"magimari",-11.384,-63.011,0,"-Alta-",22.061,-48.201,0,"Rite_",15.623,-59.877,0,"alcohol500",43.857,-93.525,0,"紅さかな",-0.049,-108.974,0,"Pizzallaris",-42.314,-98.207,0,3628.186,0.615,-20.107,3630.03,0,"Pugeuk",1.737,-31.978,0,0,,,,,136,2
106,5,0,1,2,0,0,2,0,0,0,255,255,255,47,3653.128,"Pugeuk",R,10,69,112,1.691,0.704,0.356,1.801,0.726,2.565,-36.545,23.934,89,11,0,1,0,0,400,7.476,0,0,0,0,5,R,"coder_",169.7,80,0.3,0,68,W,Y,0,0,0,0,0,0,0,0,0,0,0,0,0,0,0,0,0.518,-37.447,0,"Pring__",0.058,-17.032,0,"ame_3",-20.483,-43.687,0,"magimari",-13.936,-61.684,0,"-Alta-",19.374,-49.042,0,"Rite_",10.77,-63.588,0,"alcohol500",40.094,-97.57,0,"紅さかな",-0.528,-113.125,0,"Pizzallaris",-42.318,-98.201,0,0,0,0,0,0,"",0,0,0,0,3654.519,,,,0,0
107,5,0,1,2,1,0,2,0,0,0,255,255,255,48,3671.449,"Pugeuk",R,29,89,140,1.641,-0.941,0.402,1.365,0.938,0.984,-36.545,22.475,52,48,0,1,0,-174.536,-99.009,15.596,0,0,0,0,5,R,"coder_",169.7,80,0.3,0,68,W,Y,0,0,0,0,0,0,0,0,0,0,0,0,0,0,0,0,0.436,-37.471,0,"Pring__",0.02,-17.054,0,"ame_3",-20.601,-43.758,0,"magimari",-13.951,-61.551,0,"-Alta-",20.058,-48.958,0,"Rite_",11.683,-63.262,0,"alcohol500",40.477,-98.197,0,"紅さかな",-0.845,-112.405,0,"Pizzallaris",-42.321,-98.198,0,0,0,0,0,0,"",0,0,0,0,3672.708,,,,0,0
108,5,0,1,2,2,0,2,0,0,0,255,255,255,49,3688.525,"Pugeuk",R,29,82,133,1.054,-0.013,0.363,1.516,0.76,1.529,-36.545,21.921,55,45,0,2,0,-222.972,-64.686,28.084,0,0,1,0,5,R,"coder_",169.7,80,0.3,3,68,W,Y,3689.632,190,64,83,57,38,145,105,-2.328,53.25,0.94,0,0.159,-99.84,517.009,-235.881,0.119,-37.691,0,"Pring__",-0.025,-17.143,0,"ame_3",-20.581,-43.731,0,"magimari",-13.973,-61.499,0,"-Alta-",20.448,-48.985,0,"Rite_",11.719,-63.174,0,"alcohol500",40.523,-98.177,0,"紅さかな",-0.038,-112.546,0,"Pizzallaris",-42.318,-98.201,0,3690.152,-11.069,-27.118,0,0,"",0,0,0,0,,,,,8,3
109,5,0,1,2,2,1,2,0,0,0,255,255,255,50,3711.819,"Pugeuk",R,13,67,108,-2.583,-0.502,0.113,1.59,-0.407,1.798,-36.545,21.906,33,67,0,2,0,-383.336,312.348,17.827,0,0,1,0,5,R,"coder_",169.7,80,0.3,3,47,W,Y,3712.985,255,84,152,56,53,145,106,-19.507,50.568,0.93,0,0.45,303.28,-163.634,79.632,-0.548,-37.664,0,"Pring__",-0.588,-17.052,0,"ame_3",-20.944,-44.843,0,"magimari",-13.826,-61.81,0,"-Alta-",20.429,-47.298,0,"Rite_",11.998,-61.971,0,"alcohol500",45.037,-97.889,0,"紅さかな",-0.158,-113.124,0,"Pizzallaris",-45.183,-101.549,0,3713.13,-2.442,-20.931,0,0,"",0,0,0,0,,,,,8,3
110,5,0,1,2,2,2,2,0,0,0,255,255,255,51,3742.217,"Pugeuk",R,10,79,107,-2.094,-1.247,-0.078,1.494,-0.862,1.519,-36.545,14.941,40,60,0,2,0,-24.979,400,0,0,0,1,0,5,R,"coder_",169.7,80,0.3,3,48,W,Y,3743.366,149,115,152,104,49,145,121,-30,0.197,0.23,0,0.41,-545.367,-154.889,-121.842,-0.197,-37.292,0,"Pring__",-0.595,-18.091,0,"ame_3",-21.489,-44.859,0,"magimari",-14.278,-61.664,0,"-Alta-",20.645,-47.568,0,"Rite_",11.348,-62.206,0,"alcohol500",41.895,-97.847,0,"紅さかな",-1.689,-112.18,110,"Pizzallaris",-45.255,-100.641,0,3743.43,-0.394,-21.431,3747.23,7,"紅さかな",0.465,-98.81,1,0,,,,,328,2
111,5,0,1,2,0,0,2,1,0,0,15,255,255,52,3771.043,"Pugeuk",R,6,88,126,1.504,-0.658,0.155,1.418,-0.209,1.227,-36.545,9.673,46,54,0,4,0,477.633,30.705,32.411,-0.647,-20.704,0,1,4,R,"甲斐野柊太",190,80,0.2,0,67,A,Y,0,0,0,0,0,0,0,0,0,0,0,0,0,0,0,0,0.308,-37.503,0,"Pring__",-0.771,-20.41,0,"ame_3",-18.504,-39.346,0,"magimari",-10.462,-61.336,0,"-Alta-",19.298,-45.577,0,"Rite_",8.494,-65.72,0,"alcohol500",48.496,-96.383,0,"紅さかな",-0.293,-119.288,0,"Pizzallaris",-42.593,-100.856,0,0,0,0,0,0,"",0,0,0,0,3773.841,,,,0,0
112,5,0,1,2,0,1,2,1,0,0,15,255,255,53,3794.225,"Pugeuk",R,29,85,138,0.994,-0.24,0.182,1.567,0.661,1.398,-36.545,12.247,50,50,0,0,0,-170.795,-68.683,9.766,0,0,0,1,4,R,"甲斐野柊太",190,80,0.2,0,16,A,Y,0,0,0,0,0,0,0,0,0,0,0,0,0,0,0,0,0.023,-37.817,0,"Pring__",-0.038,-17.531,0,"ame_3",-19.595,-39.341,0,"magimari",-10.03,-61.741,0,"-Alta-",15.909,-40.331,0,"Rite_",5.842,-64.564,0,"alcohol500",46.771,-98.142,0,"紅さかな",-0.285,-119.597,0,"Pizzallaris",-42.782,-100.991,0,0,0,0,0,0,"",0,0,0,0,3795.686,,,,0,0
113,5,0,1,2,0,2,2,1,0,0,15,255,255,54,3863.693,"Pugeuk",R,12,82,130,-9.218,-1.429,0.025,1.409,-0.813,1.197,-36.545,10.569,46,54,0,2,0,0,80.257,-0.365,0,0,1,1,4,R,"甲斐野柊太",190,80,0.2,3,17,A,Y,3864.868,255,69,118,92,68,145,103,-2.162,28.31,-0.19,0,0.095,-129.506,553.358,-75.013,-0.488,-37.514,0,"Pring__",-0.679,-18.01,0,"ame_3",-18.003,-39.717,0,"magimari",-14.116,-61.044,76,"-Alta-",20.51,-47.695,0,"Rite_",11.859,-63.099,0,"alcohol500",44.257,-102.286,0,"紅さかな",-0.63,-120.013,0,"Pizzallaris",-43.596,-101.138,0,3865.263,-5.263,-28.373,3867.174,-1,"あいくんだよー『아이 군』",-21.973,-59.703,0,2,,3868.987,,,168,2
114,6,1,1,2,0,0,0,0,0,0,255,255,255,58,3920.051,"559：広告",R,27,77,128,-3.156,-0.025,-0.112,1.598,-1.452,1.484,-36.434,16.075,88,12,0,1,0,53.297,-115.551,5.991,0,0,0,2,1,L,"Pring__",190,92.818,0.485,0,67,W,Y,0,0,0,0,0,0,0,0,0,0,0,0,0,0,0,0,-0.281,-37.601,0,"눈꽃",0.221,-18.064,0,"SFIDA",-18.974,-44.839,0,"YukihiroD",-8.058,-65.33,0,"甲斐野柊太",19.748,-45.19,0,"coder_",15.185,-68.531,0,"Azuner",50.199,-101.041,0,"Amellaid",19.139,-121.802,0,"柴山犬吉",-31.762,-107.478,0,0,0,0,0,0,"",0,0,0,0,3921.396,,,,0,0
115,6,1,1,2,1,0,0,0,0,0,255,255,255,59,3932.36,"559：広告",R,27,91,140,0.201,0.61,0.193,1.716,-0.033,1.868,-36.434,31.888,86,14,0,2,0,86.083,-147.61,-0.23,0,0,0,2,1,L,"Pring__",190,92.818,0.485,3,67,W,Y,3933.287,193,143,82,93,56,145,115,24.206,-6.581,0.14,0,0.448,234.505,-542.757,102.087,-0.135,-36.791,0,"눈꽃",-0.071,-18.157,0,"SFIDA",-19.113,-44.672,0,"YukihiroD",-8.8,-65.442,0,"甲斐野柊太",19.796,-45.157,0,"coder_",12.143,-65.358,89,"Azuner",49.948,-101.295,0,"Amellaid",19.235,-121.849,86,"柴山犬吉",-31.861,-107.739,0,3938.186,23.523,-118.972,3938.597,7,"Amellaid",22.342,-115.763,0,0,,,,,265,1
116,6,1,1,2,0,0,1,0,0,0,255,255,255,60,3963.71,"559：広告",R,26,91,140,-0.805,0.761,0.088,1.732,-0.521,1.918,-36.434,25.963,87,13,0,0,0,126.166,-200,8.416,0,0,0,3,0,R,"Pugeuk",190,84,0.297,0,68,W,Y,0,0,0,0,0,0,0,0,0,0,0,0,0,0,0,0,0.063,-37.834,0,"눈꽃",-0.634,-17.984,0,"SFIDA",-18.981,-43.997,0,"YukihiroD",-15.69,-61.776,0,"甲斐野柊太",18.683,-45.068,0,"coder_",5.435,-70.324,0,"Azuner",26.091,-104.826,0,"Amellaid",-15.881,-119.242,0,"柴山犬吉",-49.922,-94.383,0,0,0,0,0,0,"",0,0,0,0,3973.808,,,,0,0
117,6,1,1,2,0,1,1,0,0,0,255,255,255,61,3990.81,"559：広告",R,3,73,113,-0.993,0.621,0.299,1.753,0.327,2.006,-36.434,51.964,77,23,0,0,0,-439.91,0.536,4.597,0,0,1,3,0,R,"Pugeuk",190,84,0.297,0,68,W,Y,0,0,0,0,0,0,0,0,0,0,0,0,0,0,0,0,0.06,-37.747,0,"눈꽃",-0.208,-18.08,0,"SFIDA",-19.162,-43.3,0,"YukihiroD",-15.807,-61.653,0,"甲斐野柊太",18.108,-48.979,0,"coder_",5.87,-71.267,0,"Azuner",25.946,-104.822,0,"Amellaid",-16.169,-118.739,0,"柴山犬吉",-52.015,-95.92,0,0,0,0,0,0,"",0,0,0,0,3992.285,,,,0,0
118,6,1,1,2,0,2,1,0,0,0,255,255,255,62,4007.248,"559：広告",R,11,83,113,-3.479,-0.423,-0.188,1.639,-1.204,1.63,-36.434,30.497,93,7,0,2,0,-174.921,228.07,-0.855,0,0,1,3,0,R,"Pugeuk",190,84,0.297,3,68,W,Y,4008.416,244,94,140,88,65,145,111,109.175,1.707,0.88,0,0.804,194.744,225.971,385.076,-0.155,-37.706,0,"눈꽃",-0.929,-17.732,0,"SFIDA",-19.044,-43.454,0,"YukihiroD",-15.767,-61.431,0,"甲斐野柊太",18.94,-49.951,0,"coder_",8.296,-65.925,0,"Azuner",24.972,-105.413,0,"Amellaid",-16.25,-118.696,0,"柴山犬吉",-55.594,-95.816,0,0,0,0,0,0,"",0,0,0,0,,,,,8,3
119,6,1,1,2,0,2,1,0,0,0,255,255,255,63,4024.434,"559：広告",R,13,84,108,-6.623,-1.381,-0.54,1.47,-2.296,1.266,-36.434,9.74,46,54,0,1,0,-308.147,389.225,8.143,0,0,0,3,0,R,"Pugeuk",190,84,0.297,0,68,W,Y,0,0,0,0,0,0,0,0,0,0,0,0,0,0,0,0,-0.015,-37.858,0,"눈꽃",-1.371,-18.335,0,"SFIDA",-19.332,-43.243,0,"YukihiroD",-16.445,-62.047,0,"甲斐野柊太",17.935,-50.593,0,"coder_",9.461,-66.758,0,"Azuner",24.975,-104.248,0,"Amellaid",-19.772,-119.348,0,"柴山犬吉",-56.2,-95.432,0,0,0,0,0,0,"",0,0,0,0,4025.963,,,,0,0
120,6,1,1,2,1,2,1,0,0,0,255,255,255,64,4038.146,"559：広告",R,3,71,114,-1.871,-0.218,0.092,1.682,-0.319,1.696,-36.434,62.382,95,5,0,4,0,-288.799,181.208,-0.912,0,0,1,3,0,R,"Pugeuk",190,84,0.297,0,68,W,Y,0,0,0,0,0,0,0,0,0,0,0,0,0,0,0,0,-0.026,-37.973,0,"눈꽃",-0.636,-18.65,0,"SFIDA",-19.688,-41.359,0,"YukihiroD",-16.098,-61.841,0,"甲斐野柊太",17.977,-50.738,0,"coder_",7.567,-70.854,0,"Azuner",25.207,-104.262,0,"Amellaid",-19.822,-119.266,0,"柴山犬吉",-55.063,-96.599,0,0,0,0,0,0,"",0,0,0,0,4039.574,,,,0,0
121,6,1,1,2,0,0,2,0,0,0,255,255,255,65,4060.298,"559：広告",R,33,83,135,2.527,1.257,0.347,1.803,0.906,2.189,-36.434,61.353,80,20,0,1,0,132.321,-125.791,-1.727,0,0,0,4,6,L,"alcohol500",171.9,89.678,0.4,0,68,W,Y,0,0,0,0,0,0,0,0,0,0,0,0,0,0,0,0,-0.3,-38.052,0,"눈꽃",0.513,-17.852,0,"SFIDA",-19.854,-46.529,0,"YukihiroD",-8.658,-65.008,0,"甲斐野柊太",18.858,-45.615,0,"coder_",13.445,-68.082,0,"Azuner",47.626,-95.608,0,"Amellaid",5.436,-115.729,0,"柴山犬吉",-35.908,-103.656,0,0,0,0,0,0,"",0,0,0,0,4061.463,,,,0,0
122,6,1,1,2,1,0,2,0,0,0,255,255,255,66,4073.972,"559：広告",R,33,60,114,5.268,2.828,0.286,1.839,2.071,3.079,-36.434,94.114,77,23,0,1,0,124.875,-121.784,-4.068,0,0,0,4,6,L,"alcohol500",171.9,89.678,0.4,0,68,W,Y,0,0,0,0,0,0,0,0,0,0,0,0,0,0,0,0,-0.13,-38.05,0,"눈꽃",0.222,-17.672,0,"SFIDA",-19.756,-46.493,0,"YukihiroD",-8.668,-65.012,0,"甲斐野柊太",18.929,-45.657,0,"coder_",12.872,-68.008,0,"Azuner",46.179,-97.14,0,"Amellaid",5.518,-115.502,0,"柴山犬吉",-37.329,-102.654,0,0,0,0,0,0,"",0,0,0,0,4075.308,,,,0,0
123,6,1,1,2,2,0,2,0,0,0,255,255,255,67,4088.68,"559：広告",R,26,83,135,-0.277,0.408,0.135,1.657,-0.303,1.68,-36.434,47.933,89,11,0,0,0,128.052,-154.498,-3.168,0,0,0,4,6,L,"alcohol500",171.9,89.678,0.4,0,68,W,Y,0,0,0,0,0,0,0,0,0,0,0,0,0,0,0,0,-0.142,-37.65,0,"눈꽃",-0.109,-18.018,0,"SFIDA",-19.679,-46.535,0,"YukihiroD",-8.667,-65.009,0,"甲斐野柊太",21.211,-48.66,0,"coder_",11.422,-67.486,0,"Azuner",44.9,-97.589,0,"Amellaid",5.396,-115.521,0,"柴山犬吉",-37.524,-102.557,0,0,0,0,0,0,"",0,0,0,0,4089.863,,,,0,0
124,6,1,1,2,2,1,2,0,0,0,255,255,255,68,4103.3,"559：広告",R,27,75,126,-1.249,0.267,0.06,1.643,-0.653,1.628,-36.434,42.253,82,18,0,2,0,70.587,-114.815,-1.498,0,0,1,4,6,L,"alcohol500",171.9,89.678,0.4,3,68,W,Y,4104.183,152,88,86,93,51,145,99,104.541,50.321,-0.06,0,0.225,161.577,126.954,-135.803,0.18,-37.017,0,"눈꽃",-0.191,-18.028,0,"SFIDA",-19.036,-46.412,0,"YukihiroD",-8.665,-65.016,0,"甲斐野柊太",21.145,-48.657,0,"coder_",11.341,-64.904,0,"Azuner",45.271,-97.458,0,"Amellaid",5.346,-115.529,0,"柴山犬吉",-37.732,-102.327,0,0,0,0,0,0,"",0,0,0,0,,,,,8,3
125,6,1,1,2,2,2,2,0,0,0,255,255,255,69,4122.643,"559：広告",R,27,78,129,1.885,2.399,0.285,1.977,0.629,2.808,-36.434,59.148,86,14,0,1,0,124.757,-144.764,1.157,0,0,0,4,6,L,"alcohol500",171.9,89.678,0.4,0,35,W,Y,0,0,0,0,0,0,0,0,0,0,0,0,0,0,0,0,0.077,-37.449,0,"눈꽃",0.032,-18.162,0,"SFIDA",-18.768,-45.069,0,"YukihiroD",-8.029,-64.496,0,"甲斐野柊太",22.827,-50.314,0,"coder_",12.092,-65.52,0,"Azuner",44.742,-97.581,0,"Amellaid",4.437,-114.109,0,"柴山犬吉",-37.734,-102.059,0,0,0,0,0,0,"",0,0,0,0,4123.863,,,,0,0
126,6,1,1,2,3,2,2,0,0,0,255,255,255,70,4150.237,"559：広告",R,26,85,137,0.117,0.767,0.185,1.706,-0.068,1.855,-36.434,34.376,88,12,0,2,0,83.248,-186.717,4.972,0,0,1,4,6,L,"alcohol500",171.9,89.678,0.4,3,35,W,Y,4151.128,140,26,81,53,23,139,116,102.912,42.118,0.74,0,0.167,169.673,-0.598,4.859,0.13,-37.421,0,"눈꽃",-0.061,-18.186,0,"SFIDA",-18.613,-44.627,0,"YukihiroD",-7.995,-64.258,0,"甲斐野柊太",22.866,-49.85,0,"coder_",13.164,-67.357,0,"Azuner",44.947,-97.554,0,"Amellaid",4.533,-114.088,0,"柴山犬吉",-37.678,-102.083,0,0,0,0,0,0,"",0,0,0,0,,,,,8,3
127,6,1,1,2,3,2,2,0,0,0,255,255,255,71,4170.53,"559：広告",R,26,85,138,1.134,0.665,0.268,1.697,0.316,1.823,-36.434,47.267,89,11,0,0,0,125.783,-162.689,1.839,0,0,1,4,6,L,"alcohol500",171.9,89.678,0.4,0,35,W,Y,0,0,0,0,0,0,0,0,0,0,0,0,0,0,0,0,1.377,-38.017,0,"눈꽃",-0.074,-18.412,0,"SFIDA",-18.89,-44.523,0,"YukihiroD",-6.534,-66.526,0,"甲斐野柊太",22.255,-51.09,0,"coder_",13.935,-67.877,0,"Azuner",45.363,-98.843,0,"Amellaid",6,-120.131,0,"柴山犬吉",-35.76,-103.328,0,0,0,0,0,0,"",0,0,0,0,4171.674,,,,0,0
128,6,0,1,2,0,0,0,0,0,0,255,255,255,55,4210.554,"Pugeuk",R,30,82,134,-0.632,-0.008,0.178,1.515,-0.1,1.534,-36.545,22.279,61,39,0,0,0,-127.596,-72.236,15.621,0,0,0,2,6,L,"Azuner",180.8,80,0.348,0,69,W,Y,0,0,0,0,0,0,0,0,0,0,0,0,0,0,0,0,-0.092,-37.187,0,"Pring__",0.073,-16.976,0,"ame_3",-19.641,-43.906,0,"magimari",-14.32,-62.171,0,"-Alta-",20.947,-48.425,0,"Rite_",14.543,-62.018,0,"alcohol500",48.978,-102.129,0,"紅さかな",1.266,-120.341,0,"Pizzallaris",-42.401,-95.016,0,0,0,0,0,0,"",0,0,0,0,4211.785,,,,0,0
129,6,0,1,2,0,1,0,0,0,0,255,255,255,56,4228.52,"Pugeuk",R,6,85,110,2.665,-0.184,0.303,1.487,0.32,1.511,-36.545,18.079,58,42,0,4,0,451.835,0,23.75,0,0,1,2,6,L,"Azuner",180.8,80,0.348,0,69,W,Y,0,0,0,0,0,0,0,0,0,0,0,0,0,0,0,0,0.184,-37.814,0,"Pring__",0.269,-16.986,0,"ame_3",-19.881,-43.953,0,"magimari",-14.362,-62.211,0,"-Alta-",21.623,-48.664,0,"Rite_",14.696,-62.337,0,"alcohol500",49.596,-101.394,0,"紅さかな",0.41,-120.57,0,"Pizzallaris",-43.726,-97.805,0,0,0,0,0,0,"",0,0,0,0,4229.863,,,,0,0
130,6,0,1,2,0,2,0,0,0,0,255,255,255,57,4247.061,"Pugeuk",R,13,72,100,-1.533,-0.258,0.216,1.887,0.048,1.964,-36.545,23.114,82,18,0,1,0,-346.516,323.591,-6.156,0,0,0,2,6,L,"Azuner",180.8,80,0.348,0,69,W,Y,0,0,0,0,0,0,0,0,0,0,0,0,0,0,0,0,-0.332,-37.843,0,"Pring__",-0.088,-17.006,0,"ame_3",-19.991,-43.866,0,"magimari",-14.331,-61.847,0,"-Alta-",20.816,-48.154,0,"Rite_",14.715,-62.358,0,"alcohol500",51.581,-100.86,0,"紅さかな",0.075,-121.037,0,"Pizzallaris",-43.734,-97.791,0,0,0,0,0,0,"",0,0,0,0,4248.452,,,,0,0
131,6,0,1,2,1,2,0,0,0,0,255,255,255,58,4264.819,"Pugeuk",R,14,73,112,1.489,-0.886,0.219,1.537,0.09,1.608,-36.545,11.973,61,39,0,2,0,308.152,393.754,4.187,0,0,1,2,6,L,"Azuner",180.8,80,0.348,3,69,W,Y,4266.068,255,58,48,38,27,133,104,-30,-27.478,0.91,0,0.297,-256.985,-28.511,77.065,-0.18,-37.562,0,"Pring__",0.162,-17.261,0,"ame_3",-19.953,-43.874,0,"magimari",-12.294,-61.053,83,"-Alta-",22.534,-49.62,0,"Rite_",15.427,-61.435,0,"alcohol500",50.842,-99.645,91,"紅さかな",0.089,-119.61,0,"Pizzallaris",-43.773,-97.52,0,4266.041,0.639,-18.985,4270.619,6,"alcohol500",34.661,-85.534,1,0,,,,,56,2
132,6,0,1,2,0,0,0,1,0,0,16,255,255,59,4294.467,"Pugeuk",R,26,83,135,0.951,1.134,0.322,1.714,0.565,2.186,-36.545,21.821,89,11,0,2,0,-114.222,-154.089,12.07,0,0,1,3,0,R,"559：広告",190,107,0.407,3,32,W,Y,4295.494,65,21,139,71,43,114,71,32.147,29.328,-0.85,0,0.203,430.498,271.672,-254.159,0.026,-37.188,0,"Pring__",0.066,-17.204,0,"ame_3",-17.243,-40.33,88,"magimari",-13.698,-61.337,95,"-Alta-",21.082,-50.162,0,"Rite_",13.676,-63.98,0,"alcohol500",46.849,-99.682,93,"紅さかな",1.152,-117.532,0,"Pizzallaris",-45.63,-99.807,0,0,0,0,4300.474,3,"magimari",-29.094,-65.841,0,0,,,,,184,1
133,6,0,1,2,0,0,1,1,0,0,16,255,255,60,4348.882,"Pugeuk",R,31,72,124,-0.549,-1.933,0.154,1.353,-0.11,0.352,-36.545,30.597,51,49,0,1,0,-85.14,-37.564,12.381,-0.154,-18.214,0,4,1,L,"눈꽃",190,90,0.6,0,69,W,Y,0,0,0,0,0,0,0,0,0,0,0,0,0,0,0,0,-0.436,-37.902,0,"Pring__",0.049,-16.992,0,"ame_3",-19.336,-39.627,0,"magimari",-9.1,-62.395,0,"-Alta-",22.249,-48.755,0,"Rite_",15.302,-61.027,0,"alcohol500",50.004,-95.737,0,"紅さかな",0.235,-115.956,0,"Pizzallaris",-41.762,-98.644,0,0,0,0,0,0,"",0,0,0,0,4349.874,,,,0,0
134,6,0,1,2,1,0,1,1,0,0,16,255,255,61,4366.244,"Pugeuk",R,30,84,136,-1.496,0.166,0.102,1.545,-0.457,1.636,-36.545,25.633,49,51,0,1,0,-141.731,-91.957,12.069,0,0,0,4,1,L,"눈꽃",190,90,0.6,0,69,W,Y,0,0,0,0,0,0,0,0,0,0,0,0,0,0,0,0,0.109,-37.248,0,"Pring__",0.031,-16.873,0,"ame_3",-19.05,-39.653,0,"magimari",-11.443,-63.05,0,"-Alta-",21.883,-48.598,0,"Rite_",16.642,-61.784,0,"alcohol500",50.786,-96.813,0,"紅さかな",-0.522,-116.525,0,"Pizzallaris",-41.769,-98.645,0,0,0,0,0,0,"",0,0,0,0,4367.308,,,,0,0
135,6,0,1,2,2,0,1,1,0,0,16,255,255,62,4386.911,"Pugeuk",R,10,66,97,1.014,-0.722,0.339,1.614,0.432,1.792,-36.545,32.736,97,3,0,2,0,0,400,-1.684,0,0,1,4,1,L,"눈꽃",190,90,0.6,3,69,W,Y,4387.935,250,201,95,111,92,145,113,-10.665,-37.614,0.91,0,0.528,136.564,237.807,146.667,-0.455,-37.466,0,"Pring__",0.138,-17.227,0,"ame_3",-17.669,-39.75,61,"magimari",-10.024,-61.709,0,"-Alta-",22.062,-48.649,106,"Rite_",16.651,-61.646,0,"alcohol500",51.744,-97.309,0,"紅さかな",-0.257,-118.238,0,"Pizzallaris",-43.115,-99.651,0,4388.085,3.071,-24.599,4389.408,4,"-Alta-",19.139,-45.784,1,0,,4393.88,,,170,2
136,6,0,1,2,0,0,2,1,0,0,11,255,255,63,4425.41,"Pugeuk",R,3,63,93,-3.381,1.295,0.27,1.897,-0.516,2.374,-36.545,44.776,75,25,0,4,0,-422.727,0,0,0,0,1,5,3,R,"YukihiroD",174,87.01,0.349,0,68,W,Y,0,0,0,0,0,0,0,0,0,0,0,0,0,0,0,0,-0.173,-37.353,0,"Pring__",-0.368,-16.991,0,"ame_3",-18.767,-39.252,0,"magimari",-14.277,-63.415,0,"-Alta-",20.747,-49.889,0,"Rite_",8.328,-64.268,0,"alcohol500",44.232,-96.763,0,"紅さかな",-0.77,-114.304,0,"Pizzallaris",-41.797,-99.85,0,0,0,0,0,0,"",0,0,0,0,4426.785,,,,0,0
137,6,0,1,2,0,1,2,1,0,0,11,255,255,64,4444.063,"Pugeuk",R,6,85,109,2.287,-0.805,0.226,1.341,0.081,1.161,-36.545,15.699,45,55,0,2,0,495.455,0,47.802,0,0,1,5,3,R,"YukihiroD",174,87.01,0.349,3,68,W,Y,4445.224,255,71,87,58,31,145,92,1.119,-23.498,-0.42,0,0.43,3.394,262.65,-3.227,0.338,-37.209,0,"Pring__",0.132,-17.227,0,"ame_3",-17.478,-39.916,77,"magimari",-14.24,-63.368,0,"-Alta-",20.542,-50.092,0,"Rite_",10.474,-64.05,0,"alcohol500",44.819,-98.614,0,"紅さかな",-0.215,-114.934,0,"Pizzallaris",-41.808,-99.859,0,4445.785,6.736,-35.892,4447.441,5,"Rite_",16.191,-58.955,1,0,,4449.363,,,392,2
138,6,0,1,2,0,0,2,1,1,0,13,11,255,65,4487.447,"Pugeuk",R,26,93,140,-2.203,-0.734,0.002,1.373,-0.921,1.011,-36.545,11.687,50,50,0,2,0,-29.228,-191.605,15.073,0,0,1,6,8,R,"柴山犬吉",169.8,90,0.598,3,68,W,Y,4488.484,239,143,146,72,25,145,98,13.732,41.726,0.93,0,0.209,-10.532,312.556,21.526,-0.126,-36.977,0,"Pring__",-0.449,-16.931,101,"ame_3",-20.47,-43.822,0,"magimari",-13.85,-62.777,90,"-Alta-",20.767,-50.066,0,"Rite_",12.181,-64.624,0,"alcohol500",40.496,-95.91,0,"紅さかな",-4.293,-112.362,0,"Pizzallaris",-40.852,-93.997,100,4490.585,-36.258,-56.364,4495.441,8,"Pizzallaris",-69.543,-87.742,1,0,4502.452,4493.579,4493.468,4498.695,45,2
139,6,0,1,3,0,0,2,0,1,1,255,18,13,66,4529.457,"Pugeuk",R,26,90,140,-2.331,0.488,-0.023,1.59,-1.039,1.785,-36.545,10.947,48,52,0,1,0,17.744,-155.222,15.281,0,0,0,7,2,L,"SFIDA",188.8,80,0.2,0,47,W,Y,0,0,0,0,0,0,0,0,0,0,0,0,0,0,0,0,-0.793,-38.123,0,"Pring__",0.164,-17.053,0,"ame_3",-21.056,-45.634,0,"magimari",-12.264,-62.169,0,"-Alta-",21.345,-49.557,0,"Rite_",15.037,-62.146,0,"alcohol500",47.906,-96.588,0,"紅さかな",1.429,-116.783,0,"Pizzallaris",-43.089,-96.974,0,0,0,0,0,0,"",0,0,0,0,4530.363,4531.83,,,0,0
140,6,0,1,3,1,0,2,0,1,1,255,18,13,67,4546.608,"Pugeuk",R,26,81,132,-1.261,1.008,0.118,1.674,-0.379,2.059,-36.545,15.507,59,41,0,2,0,-119.497,-200,6.145,0,0,1,7,2,L,"SFIDA",188.8,80,0.2,3,47,W,Y,4547.507,255,211,0,0,3,24,43,-46.003,40.755,-0.79,0,1.21,-408.162,370.285,-37.613,0.039,-37.343,0,"Pring__",-0.184,-17.692,0,"ame_3",-21.079,-45.713,66,"magimari",-12.511,-62.431,0,"-Alta-",21.587,-50.116,0,"Rite_",15.274,-62.726,0,"alcohol500",48.839,-97.688,0,"紅さかな",-0.021,-117.007,0,"Pizzallaris",-43.606,-97.421,0,4547.541,-1.293,-21.525,4550.541,2,"ame_3",-13.783,-37.278,0,128,4598.552,,4552.225,4552.836,144,2
141,7,1,1,3,0,0,0,0,0,0,255,255,255,72,4710.301,"あいくんだよー『아이 군』",R,33,83,134,0.382,-0.067,0.448,1.701,-0.016,1.528,-36.473,31.815,51,49,0,0,0,119.139,-21.183,0,0,0,1,5,3,R,"magimari",160,85,0.351,0,68,W,Y,0,0,0,0,0,0,0,0,0,0,0,0,0,0,0,0,-0.107,-37.858,0,"눈꽃",-0.323,-17.726,0,"레이나2",-21.224,-47.082,0,"YukihiroD",-15.227,-60.992,0,"甲斐野柊太",17.858,-46.788,0,"coder_",4.665,-64.072,0,"Azuner",26.09,-99.875,0,"Amellaid",-13.269,-109.731,0,"柴山犬吉",-42.343,-88.755,0,0,0,0,0,0,"",0,0,0,0,4711.597,,,,0,0
142,7,1,1,3,0,1,0,0,0,0,255,255,255,73,4726.03,"あいくんだよー『아이 군』",R,33,77,127,2.223,-0.542,0.545,1.779,0.797,1.194,-36.473,55.067,100,0,0,2,0,102.456,-85.928,0,0,0,0,5,3,R,"magimari",160,85,0.351,3,68,W,Y,4727.197,143,81,57,44,36,135,76,-64.116,-44.084,-0.75,0,0.373,-540.451,75.308,216.703,0.119,-37.297,0,"눈꽃",-0.024,-17.844,0,"레이나2",-21.066,-47.071,0,"YukihiroD",-15.404,-61.297,0,"甲斐野柊太",17.445,-46.45,85,"coder_",7.371,-66.696,0,"Azuner",25.965,-99.707,0,"Amellaid",-12.642,-110.8,0,"柴山犬吉",-42.168,-88.486,0,4727.03,0.68,-19.779,4730.274,4,"甲斐野柊太",17.826,-37.381,0,0,,,,,2,2
143,7,1,1,3,0,2,0,0,0,0,255,255,255,74,4749.658,"あいくんだよー『아이 군』",R,13,85,124,-0.135,-2.114,0.36,1.627,0.396,0.986,-36.473,26.406,53,47,0,2,0,-298.203,400,0,0,0,1,5,3,R,"magimari",160,85,0.351,3,67,W,Y,4750.818,255,145,93,78,37,145,123,-21.743,-7.696,0.34,0,0.591,-367.868,145.46,-311.783,0.01,-37.588,0,"눈꽃",-0.031,-18.078,0,"레이나2",-20.52,-47.143,85,"YukihiroD",-14.675,-61.769,0,"甲斐野柊太",17.619,-46.529,0,"coder_",10.072,-66.147,103,"Azuner",28.019,-97.886,0,"Amellaid",-16.078,-107.601,0,"柴山犬吉",-42.885,-86.305,0,4750.641,0.033,-20.789,4752.686,5,"coder_",10.64,-63.302,0,32,,,,,129,2
144,7,1,1,3,0,0,1,0,0,0,255,255,255,75,4774.718,"あいくんだよー『아이 군』",R,34,82,133,0.393,-1.276,0.283,1.5,0.06,0.846,-36.473,24.406,41,59,0,2,0,71.931,-24.24,0,0,0,0,6,7,R,"紅さかな",172.5,86,0.399,5,67,W,Y,4775.845,195,129,114,106,67,145,112,2.263,20.956,0.87,0,0.219,-63.109,341.335,26.756,0.03,-37.628,0,"눈꽃",0,-17.872,0,"레이나2",-20.821,-47.043,0,"YukihiroD",-14.054,-62.29,85,"甲斐野柊太",20.606,-47.095,0,"coder_",9.251,-66.355,0,"Azuner",24.066,-100.515,0,"Amellaid",-15.953,-107.495,0,"柴山犬吉",-43.404,-89.034,0,4776.418,-8.502,-41.432,4777.341,3,"YukihiroD",-14.904,-56.499,0,0,,,,,160,2
145,7,1,1,3,0,0,2,0,0,0,255,255,255,76,4802.059,"あいくんだよー『아이 군』",R,34,78,129,-1.112,-0.456,0.14,1.68,-0.569,1.286,-36.473,19.264,56,44,0,0,0,53.839,-31.79,0,0,0,0,7,2,L,"ame_3",190,80,0.215,0,67,W,Y,0,0,0,0,0,0,0,0,0,0,0,0,0,0,0,0,-0.032,-37.749,0,"눈꽃",0.003,-18.109,0,"레이나2",-20.229,-47.723,0,"YukihiroD",-9.571,-64.804,0,"甲斐野柊太",21.222,-47.608,0,"coder_",13.065,-69.596,0,"Azuner",43.353,-98.614,0,"Amellaid",5.908,-114.983,0,"柴山犬吉",-45.444,-94.839,0,0,0,0,0,0,"",0,0,0,0,4803.186,,,,0,0
146,7,1,1,3,0,1,2,0,0,0,255,255,255,77,4815.255,"あいくんだよー『아이 군』",R,33,80,131,-0.264,0.78,0.346,1.881,-0.31,1.997,-36.473,39.385,93,7,0,2,0,126.694,-102.953,0,0,0,1,7,2,L,"ame_3",190,80,0.215,3,67,W,Y,4816.241,255,228,38,98,72,125,90,-66.662,47.889,-0.13,0,0.407,585.406,88.026,92.917,0.148,-37.341,0,"눈꽃",-0.245,-17.951,0,"레이나2",-19.742,-47.635,0,"YukihiroD",-9.63,-64.982,0,"甲斐野柊太",21.261,-47.581,0,"coder_",12.066,-69.316,0,"Azuner",43.422,-98.502,0,"Amellaid",5.993,-115.126,0,"柴山犬吉",-45.521,-94.994,0,4816.119,-0.624,-19.847,0,0,"",0,0,0,0,,,,,0,3
147,7,1,1,3,0,2,2,0,0,0,255,255,255,78,4838.895,"あいくんだよー『아이 군』",R,7,64,113,3.796,-0.078,0.258,1.592,1.329,1.568,-36.473,22.966,42,58,0,2,0,180.85,0,0,0,0,1,7,2,L,"ame_3",190,80,0.215,3,67,W,Y,4840.021,255,216,144,100,30,145,104,112.129,62.222,0.94,0,0.349,190.33,-38.316,-123.318,0.042,-37.53,0,"눈꽃",0.326,-18.085,0,"레이나2",-20.389,-47.154,0,"YukihiroD",-9.011,-65.358,0,"甲斐野柊太",21.561,-48.736,0,"coder_",11.322,-65.486,0,"Azuner",43.198,-98.367,0,"Amellaid",10.891,-115.142,0,"柴山犬吉",-49.72,-96.559,0,0,0,0,0,0,"",0,0,0,0,,,,,0,3
148,7,1,1,3,0,2,2,0,0,0,255,255,255,79,4857.15,"あいくんだよー『아이 군』",R,6,59,105,4.235,0.335,0.232,1.756,1.11,1.833,-36.473,20.558,43,57,0,4,0,376.245,0,0,0,0,1,7,2,L,"ame_3",190,80,0.215,0,30,W,Y,0,0,0,0,0,0,0,0,0,0,0,0,0,0,0,0,-0.06,-37.955,0,"눈꽃",3.177,-18.639,0,"레이나2",-20.359,-46.612,0,"YukihiroD",-9.357,-65.209,0,"甲斐野柊太",21.192,-48.577,0,"coder_",14.78,-68.095,0,"Azuner",42.957,-98.572,0,"Amellaid",6.091,-117.717,0,"柴山犬吉",-44.33,-98.699,0,0,0,0,0,0,"",0,0,0,0,4858.396,,,,0,0
149,7,0,1,3,0,0,0,0,0,0,255,255,255,68,5298.676,"ame_3",L,33,58,113,-6.348,1.338,-0.649,1.677,-2.481,2.226,-36.844,64.472,29,71,0,1,0,-144.034,-67.054,3.977,0,0,0,8,7,L,"Amellaid",160,86,0.44,0,67,W,Y,0,0,0,0,0,0,0,0,0,0,0,0,0,0,0,0,0.021,-37.319,0,"Pring__",-0.761,-17.061,0,"Pugeuk",-17.51,-47.543,0,"magimari",-12.464,-62.954,0,"-Alta-",21.363,-51.013,0,"Rite_",14.093,-60.126,0,"alcohol500",44.398,-99.65,0,"紅さかな",0.754,-110.34,0,"Pizzallaris",-42.257,-101.977,0,0,0,0,0,0,"",0,0,0,0,5299.63,,,,0,0
150,7,0,1,3,1,0,0,0,0,0,255,255,255,69,5319.795,"ame_3",L,32,90,140,-0.226,-0.03,-0.178,1.533,0.194,1.455,-36.844,15.806,27,73,0,0,0,-205.657,-119.511,-5.329,0,0,0,8,7,L,"Amellaid",160,86,0.44,0,67,W,Y,0,0,0,0,0,0,0,0,0,0,0,0,0,0,0,0,0.107,-37.437,0,"Pring__",0.065,-16.966,0,"Pugeuk",-17.55,-47.394,0,"magimari",-12.422,-62.968,0,"-Alta-",21.999,-51.481,0,"Rite_",14.142,-60.98,0,"alcohol500",45.353,-98.832,0,"紅さかな",0.511,-110.321,0,"Pizzallaris",-42.513,-101.846,0,0,0,0,0,0,"",0,0,0,0,5320.607,,,,0,0
151,7,0,1,3,1,1,0,0,0,0,255,255,255,70,5337.434,"ame_3",L,32,76,127,-1.328,0.535,-0.285,1.598,-0.302,1.705,-36.844,18.401,42,58,0,2,0,-169.6,-146.201,-14.396,0,0,1,8,7,L,"Amellaid",160,86,0.44,3,67,W,Y,5338.322,255,157,45,65,50,134,74,-0.647,35.19,-0.79,0,0.502,126.003,559.817,48.927,0.027,-37.326,0,"Pring__",-0.055,-17.127,0,"Pugeuk",-17.163,-48.29,120,"magimari",-12.473,-62.928,0,"-Alta-",22.177,-50.642,0,"Rite_",14.108,-60.848,0,"alcohol500",45.933,-97.291,0,"紅さかな",0.515,-110.325,0,"Pizzallaris",-42.511,-101.852,0,5338.686,-7.601,-29.795,5340.085,2,"Pugeuk",-18.436,-42.418,0,0,,,,,136,2
152,7,0,1,3,0,0,1,0,0,0,255,255,255,71,5362.241,"ame_3",L,37,92,140,3.165,-2.358,0.064,1.232,1.322,0.375,-36.844,22.373,40,60,0,3,0,-38.936,60.154,38.176,-0.105,-20.848,0,0,5,R,"coder_",169.7,95.395,0.3,0,66,W,Y,0,0,0,0,0,0,0,0,0,0,0,0,0,0,0,0,0.232,-37.377,0,"Pring__",-0.798,-20.139,0,"Pugeuk",-18.044,-43.398,0,"magimari",-12.975,-58.699,0,"-Alta-",16.037,-43.478,0,"Rite_",10.83,-64.255,0,"alcohol500",39.098,-100.863,0,"紅さかな",-1.408,-114.859,0,"Pizzallaris",-42.895,-103.373,0,0,0,0,0,0,"",0,0,0,0,5364.752,,,,0,6
153,7,0,1,3,0,0,1,1,0,0,15,255,255,72,5400.142,"ame_3",L,32,69,122,-4.34,0.769,-0.552,1.687,-1.542,1.985,-36.844,45.826,100,0,0,4,0,-196.856,-101.488,-1.665,0,0,1,1,4,R,"甲斐野柊太",190,80,0.2,0,66,A,Y,0,0,0,0,0,0,0,0,0,0,0,0,0,0,0,0,-0.057,-37.719,0,"Pring__",-0.531,-19.999,0,"Pugeuk",-18.22,-42.785,0,"magimari",-11.216,-61.409,0,"-Alta-",16.003,-41.641,0,"Rite_",9.199,-65.602,0,"alcohol500",45.118,-102.821,0,"紅さかな",-2.405,-116.919,0,"Pizzallaris",-43.747,-103.122,0,0,0,0,0,0,"",0,0,0,0,5401.263,,,,0,0
154,7,0,1,3,0,1,1,1,0,0,15,255,255,73,5425.513,"ame_3",L,33,64,118,1.846,-0.963,0.007,1.35,1.056,0.893,-36.844,14.325,24,76,0,2,0,-145.216,-111.092,-21.022,0,0,1,1,4,R,"甲斐野柊太",190,80,0.2,3,66,A,Y,5426.744,42,19,2,0,5,3,38,51.047,55.479,-0.04,0.714,0.543,-38.802,-42.235,86.828,0.292,-37.29,0,"Pring__",-0.132,-19.248,0,"Pugeuk",-17.471,-45.573,85,"magimari",-13.961,-62.256,0,"-Alta-",18.088,-44.101,0,"Rite_",11.742,-64.134,0,"alcohol500",45.666,-100.004,0,"紅さかな",-0.462,-117.638,0,"Pizzallaris",-43.742,-103.117,0,5429.163,-15.899,-31.617,5429.896,2,"Pugeuk",-17.508,-32.756,0,2,,,,,136,2
155,7,0,1,3,0,2,1,1,0,0,15,255,255,74,5455.223,"ame_3",L,34,47,105,-8.716,1.118,-0.712,1.695,-3.707,1.98,-36.844,83.463,70,30,0,4,0,-63.53,4.996,0.113,0,0,1,1,4,R,"甲斐野柊太",190,80,0.2,0,66,A,Y,0,0,0,0,0,0,0,0,0,0,0,0,0,0,0,0,-0.083,-37.63,0,"Pring__",-1.675,-21.482,0,"Pugeuk",-19.905,-40.172,0,"magimari",-8.925,-62.38,0,"-Alta-",18.694,-45.345,0,"Rite_",3.701,-64.379,0,"alcohol500",41.939,-100.231,0,"紅さかな",-1.777,-117.675,0,"Pizzallaris",-45.094,-105.746,0,0,0,0,0,0,"",0,0,0,1,5456.452,5460.379,,,0,0
156,8,1,1,3,0,0,0,0,0,0,255,255,255,80,5510.261,"あいくんだよー『아이 군』",R,34,81,132,-2.693,-0.554,0.115,1.745,-1.32,1.234,-36.473,8.492,52,48,0,1,0,98.563,-45.989,0,0,0,0,8,5,R,"Rite_",165,80,0.453,0,41,W,Y,0,0,0,0,0,0,0,0,0,0,0,0,0,0,0,0,0.139,-37.887,0,"눈꽃",-0.249,-18.568,0,"레이나2",-20.905,-46.823,0,"YukihiroD",-15.117,-62.388,0,"甲斐野柊太",16.722,-45.208,0,"coder_",6.497,-63.929,0,"Azuner",26.041,-100.609,0,"Amellaid",-14.106,-106.614,0,"柴山犬吉",-42.68,-88.02,0,0,0,0,0,0,"",0,0,0,0,5511.252,,,,0,0
157,8,1,1,3,1,0,0,0,0,0,255,255,255,81,5524.774,"あいくんだよー『아이 군』",R,33,78,128,1.227,1.026,0.511,1.993,0.365,2.05,-36.473,47.794,87,13,0,0,0,103.013,-82.543,0,0,0,1,8,5,R,"Rite_",165,80,0.453,0,41,W,Y,0,0,0,0,0,0,0,0,0,0,0,0,0,0,0,0,0.141,-37.516,0,"눈꽃",0.064,-18.236,0,"레이나2",-20.899,-46.855,0,"YukihiroD",-15.216,-62.365,0,"甲斐野柊太",16.845,-45.159,0,"coder_",5.462,-64.991,0,"Azuner",25.949,-100.557,0,"Amellaid",-13.822,-106.801,0,"柴山犬吉",-43.66,-88.19,0,0,0,0,0,0,"",0,0,0,0,5525.752,,,,0,0
158,8,1,1,3,1,1,0,0,0,0,255,255,255,82,5538.149,"あいくんだよー『아이 군』",R,34,82,133,-0.41,-0.294,0.061,1.582,-0.298,1.435,-36.473,9.481,39,61,0,0,0,82.189,1.271,0,0,0,0,8,5,R,"Rite_",165,80,0.453,0,41,W,Y,0,0,0,0,0,0,0,0,0,0,0,0,0,0,0,0,0.01,-37.715,0,"눈꽃",-0.28,-18.545,0,"레이나2",-20.836,-46.896,0,"YukihiroD",-15.209,-62.278,0,"甲斐野柊太",16.617,-45.286,0,"coder_",5.659,-65.559,0,"Azuner",25.57,-100.577,0,"Amellaid",-13.837,-109.22,0,"柴山犬吉",-43.791,-87.743,0,0,0,0,0,0,"",0,0,0,0,5539.13,,,,0,0
159,8,1,1,3,1,2,0,0,0,0,255,255,255,83,5553.614,"あいくんだよー『아이 군』",R,3,79,117,-4.622,-0.793,0.095,1.551,-1.218,1.171,-36.473,7.926,40,60,0,4,0,-474.627,2.766,0,0,0,1,8,5,R,"Rite_",165,80,0.453,0,41,W,Y,0,0,0,0,0,0,0,0,0,0,0,0,0,0,0,0,0.017,-37.792,0,"눈꽃",-0.657,-18.716,0,"레이나2",-20.809,-44.958,0,"YukihiroD",-15.252,-62.386,0,"甲斐野柊太",16.697,-45.299,0,"coder_",4.449,-66.508,0,"Azuner",25.751,-99.834,0,"Amellaid",-12.807,-109.423,0,"柴山犬吉",-43.756,-87.171,0,0,0,0,0,0,"",0,0,0,0,5554.752,,,,0,0
160,8,1,1,3,0,0,1,0,0,0,255,255,255,84,5573.924,"あいくんだよー『아이 군』",R,13,83,122,-0.901,-1.899,0.218,1.533,0.156,0.998,-36.473,19.573,54,46,0,2,0,-347.591,359.417,0,0,0,1,0,8,R,"Pizzallaris",167.3,86.384,0.352,3,66,W,Y,5575.052,194,217,97,85,82,145,106,-2.815,-25.896,0.92,0,0.081,-26.423,-65.133,-127.245,0.16,-37.735,0,"눈꽃",-0.086,-18.429,0,"레이나2",-20.493,-46.958,0,"YukihiroD",-15.248,-62.389,0,"甲斐野柊太",16.724,-47.618,117,"coder_",9.854,-66.12,0,"Azuner",25.785,-100.004,0,"Amellaid",-15.03,-105.757,0,"柴山犬吉",-41.431,-87.23,0,5574.741,-0.778,-20.136,5576.574,4,"甲斐野柊太",11.926,-45.282,0,1,,,,,130,2
161,8,1,1,3,0,0,2,0,0,0,255,255,255,85,5599.335,"あいくんだよー『아이 군』",R,3,79,122,-0.727,-0.959,0.261,1.555,0.067,1.082,-36.473,18.558,55,45,0,2,0,-280.207,0,0,0,0,1,1,4,L,"-Alta-",190,86.283,0.478,3,66,W,Y,5600.275,255,116,134,103,47,145,96,-27.677,-11.861,-0.52,0,0.598,-43.571,35.242,30.026,0.11,-37.682,0,"눈꽃",-0.139,-18.315,0,"레이나2",-19.626,-47.498,0,"YukihiroD",-6.888,-65.097,0,"甲斐野柊太",19.462,-44.994,0,"coder_",13.488,-68.218,0,"Azuner",49.133,-105.197,0,"Amellaid",15.556,-120.342,0,"柴山犬吉",-36.714,-105.679,0,5600.03,0.082,-21.325,5603.241,3,"magimari",7.917,-64.17,0,0,5657.374,,,,135,2
162,8,0,1,3,0,0,0,0,0,0,255,255,255,75,5760.879,"-Alta-",L,0,79,129,-0.518,-0.154,-0.438,1.788,-0.182,1.456,-36.693,33.663,44,56,0,0,0,-19.671,-45.408,-0.311,0,0,1,2,6,L,"Azuner",180.8,80,0.348,0,66,W,Y,0,0,0,0,0,0,0,0,0,0,0,0,0,0,0,0,0.526,-37.832,0,"Pring__",0.059,-17.055,0,"ame_3",-21.679,-45.922,0,"magimari",-15.013,-62.445,0,"Pugeuk",19.298,-47.176,0,"Rite_",15.38,-62.592,0,"alcohol500",50.274,-101.14,0,"紅さかな",0.646,-118.087,0,"Pizzallaris",-43.185,-97.018,0,0,0,0,0,0,"",0,0,0,0,5761.785,,,,0,0
163,8,0,1,3,0,1,0,0,0,0,255,255,255,76,5777.597,"-Alta-",L,13,79,116,1.488,-0.637,-0.416,1.82,-0.079,1.564,-36.693,40.922,81,19,0,1,0,423.112,266.413,-3.182,0,0,0,2,6,L,"Azuner",180.8,80,0.348,0,66,W,Y,0,0,0,0,0,0,0,0,0,0,0,0,0,0,0,0,-0.125,-37.037,0,"Pring__",0.39,-17.064,0,"ame_3",-21.762,-45.926,0,"magimari",-12.524,-62.724,0,"Pugeuk",18.117,-47.924,0,"Rite_",15.3,-62.535,0,"alcohol500",49.705,-102.761,0,"紅さかな",1.058,-118.031,0,"Pizzallaris",-43.195,-97.082,0,0,0,0,0,0,"",0,0,0,0,5778.619,,,,0,0
164,8,0,1,3,1,1,0,0,0,0,255,255,255,77,5796.951,"-Alta-",L,0,85,138,-1.949,-0.702,-0.452,1.728,-0.247,1.251,-36.693,32.288,35,65,0,2,0,-48.552,-45.817,-0.727,0,0,1,2,6,L,"Azuner",180.8,80,0.348,3,66,W,Y,5797.99,255,140,72,54,26,140,128,15.185,-11.84,0.42,0,0.462,93.316,-460.337,2.401,-0.05,-37.039,0,"Pring__",0.005,-17.192,0,"ame_3",-21.741,-45.973,0,"magimari",-14.419,-62.21,85,"Pugeuk",17.916,-48.037,0,"Rite_",15.273,-62.432,0,"alcohol500",48.63,-101.386,0,"紅さかな",-1.053,-117.778,96,"Pizzallaris",-43.19,-97.068,0,5801.863,32.147,-122.116,5804.274,7,"紅さかな",27.053,-119.135,1,0,,5807.595,,5807.313,98,2
165,8,0,1,3,0,0,0,0,1,0,255,16,255,78,5832.085,"-Alta-",L,13,72,111,-0.322,-0.27,-0.608,1.953,-0.831,1.869,-36.693,61.479,83,17,0,0,0,378.126,327.14,11.97,0,0,1,3,0,L,"あいくんだよー『아이 군』",190,80,0.4,0,66,W,Y,0,0,0,0,0,0,0,0,0,0,0,0,0,0,0,0,-0.151,-37.174,0,"Pring__",0.624,-17.501,0,"ame_3",-20.933,-45.413,0,"magimari",-8.529,-62.779,0,"Pugeuk",19.437,-45.879,0,"Rite_",13.413,-60.911,0,"alcohol500",47.917,-99.05,0,"紅さかな",1.024,-119.314,0,"Pizzallaris",-42.961,-97.033,0,0,0,0,0,0,"",0,0,0,0,5832.919,5834.833,,,0,0
166,8,0,1,3,0,1,0,0,1,0,255,16,255,79,5849.527,"-Alta-",L,13,66,107,-1.672,-0.605,-0.702,1.859,-1.406,1.693,-36.693,59.141,82,18,0,2,0,360.113,336.072,5.966,0,0,1,3,0,L,"あいくんだよー『아이 군』",190,80,0.4,3,66,W,Y,5850.508,255,137,146,106,54,145,130,-30,22.775,0.58,0.095,0.199,-121.674,229.785,139.374,-0.162,-37.029,0,"Pring__",-0.044,-17.72,0,"ame_3",-20.914,-45.374,0,"magimari",-10.429,-64.184,0,"Pugeuk",19.37,-47.493,0,"Rite_",14.271,-62.027,0,"alcohol500",49.045,-99.802,0,"紅さかな",0.261,-118.967,0,"Pizzallaris",-42.967,-97.029,94,5850.241,-0.675,-20.465,5853.785,8,"Pizzallaris",-31.625,-92.127,1,0,,,5854.763,,3,2
167,8,0,1,3,0,0,0,1,0,1,10,255,16,80,5881.869,"-Alta-",L,28,77,127,-0.916,0.056,-0.458,1.819,-0.272,1.563,-36.693,40.256,41,59,0,2,0,-72.334,-72.576,-0.538,0,0,1,4,1,L,"눈꽃",190,90,0.6,3,66,W,Y,5882.731,246,160,120,109,65,145,117,-7.485,-14.059,0.86,0,0.423,4.826,46.365,-222.9,0.16,-37.343,0,"Pring__",-0.042,-17.384,130,"ame_3",-16.94,-39.812,0,"magimari",-10.768,-63.514,0,"Pugeuk",19.539,-46.629,120,"Rite_",14.309,-62.569,99,"alcohol500",49.334,-97.157,0,"紅さかな",0.207,-118.336,0,"Pizzallaris",-44.836,-104.457,0,5882.597,1.496,-27.514,5884.186,5,"Rite_",9.637,-59.459,1,4,5886.585,5888.283,,5890.678,270,2
168,8,0,1,3,0,0,1,1,1,0,11,10,255,81,5924.689,"-Alta-",L,27,85,138,-1.313,-0.52,-0.491,1.71,-0.428,1.172,-36.693,32.677,41,59,0,0,0,-91.342,-126.159,0.441,0,0,1,5,3,R,"YukihiroD",174,87.01,0.349,0,66,W,Y,0,0,0,0,0,0,0,0,0,0,0,0,0,0,0,0,-0.215,-36.897,0,"Pring__",-0.227,-17.017,0,"ame_3",-22.176,-46.618,0,"magimari",-13.344,-62.743,0,"Pugeuk",18.865,-44.793,0,"Rite_",12.586,-63.648,0,"alcohol500",45.112,-96.364,0,"紅さかな",-3.661,-110.879,0,"Pizzallaris",-43.876,-100.701,0,0,0,0,0,0,"",0,0,0,0,5925.541,5927.475,,,0,0
169,8,0,1,3,0,1,1,1,1,0,11,10,255,82,5944.638,"-Alta-",L,13,78,115,0.69,-0.507,-0.472,1.877,-0.341,1.761,-36.693,52.842,80,20,0,2,0,370.222,336.059,2.748,0,0,1,5,3,R,"YukihiroD",174,87.01,0.349,3,75,W,Y,5945.764,255,61,93,72,26,145,108,28.192,17.073,0.11,0,0.506,-25.359,515.889,126.988,0.421,-37.604,0,"Pring__",0.232,-17.448,0,"ame_3",-22.092,-46.223,0,"magimari",-13.409,-62.556,0,"Pugeuk",17.766,-46.078,0,"Rite_",12.686,-63.764,0,"alcohol500",46.007,-96.597,0,"紅さかな",-4.258,-111.909,0,"Pizzallaris",-45.874,-102.064,100,5950.085,-36.896,-102.481,5950.252,8,"Pizzallaris",-35.582,-100.279,0,0,5954.641,5951.532,,,7,1
170,8,0,1,3,0,0,2,1,1,0,11,10,255,83,5979.551,"-Alta-",L,28,81,132,2.231,-0.021,-0.187,1.806,0.985,1.506,-36.693,28.675,47,53,0,2,0,-4.341,-67.044,0.988,0,0,1,6,8,R,"柴山犬吉",169.8,90,0.598,3,66,W,Y,5980.629,255,85,106,54,39,145,83,42.155,-29.484,-0.84,0,0.216,-38.618,-355.761,104.25,0.569,-37.284,0,"Pring__",0.159,-17.411,0,"ame_3",-20.744,-45.666,0,"magimari",-13.487,-62.798,0,"Pugeuk",17.816,-47.415,0,"Rite_",12.433,-64.838,0,"alcohol500",40.428,-96.544,86,"紅さかな",-4.301,-112.31,0,"Pizzallaris",-45.274,-100.278,0,5985.119,35.107,-71.113,5986.363,6,"alcohol500",39.661,-76.701,1,0,,5985.455,5985.978,5990.911,50,2
171,8,0,1,4,0,0,2,0,1,1,255,18,11,84,6017.638,"-Alta-",L,27,83,135,2.338,-0.007,-0.178,1.793,1.027,1.47,-36.693,27.436,55,45,0,2,0,-2.401,-126.833,1.902,0,0,1,7,2,R,"레이나2",179.9,85.17,0.353,3,66,W,Y,6018.739,109,113,58,97,56,135,81,53.907,13.079,-0.81,0.095,0.251,59.543,273.741,-47.223,0.106,-37.046,0,"Pring__",0.074,-17.556,0,"ame_3",-22.098,-46.502,0,"magimari",-13.105,-62.187,0,"Pugeuk",17.667,-46.672,0,"Rite_",11.143,-64.994,0,"alcohol500",46.125,-92.289,0,"紅さかな",0.741,-116.742,0,"Pizzallaris",-42.055,-98.642,0,6023.819,-13.869,-67.547,6024.208,3,"magimari",-13.415,-66.344,0,0,,,6023.126,6023.778,40,1
172,9,1,1,4,0,0,0,0,0,0,255,255,255,86,6061.643,"あいくんだよー『아이 군』",R,10,82,122,-0.789,-1.38,0.084,1.575,-0.276,1.183,-36.473,19.917,55,45,0,1,0,-43.741,400,0,0,0,0,2,1,L,"Pring__",190,92.818,0.485,0,66,W,Y,0,0,0,0,0,0,0,0,0,0,0,0,0,0,0,0,-0.031,-37.763,0,"눈꽃",-0.167,-18.208,0,"레이나2",-19.795,-48.238,0,"YukihiroD",-6.762,-65.997,0,"甲斐野柊太",19.463,-44.209,0,"coder_",15.744,-68.305,0,"Azuner",48.683,-102.022,0,"Amellaid",15.145,-120.799,0,"柴山犬吉",-28.524,-103.721,0,0,0,0,0,0,"",0,0,0,0,6062.719,,,,0,0
173,9,1,1,4,1,0,0,0,0,0,255,255,255,87,6074.74,"あいくんだよー『아이 군』",R,10,83,124,-0.868,-0.903,0.132,1.683,-0.382,1.471,-36.473,16.368,51,49,0,0,0,0,400,0,0,0,0,2,1,L,"Pring__",190,92.818,0.485,0,66,W,Y,0,0,0,0,0,0,0,0,0,0,0,0,0,0,0,0,-0.148,-37.569,0,"눈꽃",-0.153,-18.398,0,"레이나2",-20.15,-48.109,0,"YukihiroD",-8.615,-65.819,0,"甲斐野柊太",20.38,-46.314,0,"coder_",15.547,-68.302,0,"Azuner",48.137,-102.033,0,"Amellaid",14.228,-120.372,0,"柴山犬吉",-28.975,-103.51,0,0,0,0,0,0,"",0,0,0,0,6075.796,,,,0,0
174,9,1,1,4,1,1,0,0,0,0,255,255,255,88,6109.863,"あいくんだよー『아이 군』",R,33,70,122,-0.981,-0.056,-0.105,1.549,-0.632,1.531,-36.473,9.389,45,55,0,0,0,130.807,-41.633,0,0,0,0,2,1,L,"Pring__",190,92.818,0.485,0,66,W,Y,0,0,0,0,0,0,0,0,0,0,0,0,0,0,0,0,-0.047,-37.701,0,"눈꽃",0.257,-18.273,0,"레이나2",-19.937,-48.756,0,"YukihiroD",-9.922,-65.335,0,"甲斐野柊太",21.504,-46.633,0,"coder_",15.178,-69.296,0,"Azuner",48.502,-101.855,0,"Amellaid",14.541,-120.281,0,"柴山犬吉",-28.952,-103.528,0,0,0,0,0,0,"",0,0,0,0,6110.985,,,,0,0
175,9,1,1,4,1,2,0,0,0,0,255,255,255,89,6125.374,"あいくんだよー『아이 군』",R,6,68,114,4.686,-0.038,0.183,1.782,1.535,1.585,-36.473,15.95,57,43,0,1,0,288.662,0,0,0,0,0,2,1,L,"Pring__",190,92.818,0.485,0,66,W,Y,0,0,0,0,0,0,0,0,0,0,0,0,0,0,0,0,-0.127,-37.776,0,"눈꽃",0.575,-18.471,0,"레이나2",-19.76,-48.111,0,"YukihiroD",-9.859,-65.373,0,"甲斐野柊太",21.45,-48.119,0,"coder_",14.091,-68.915,0,"Azuner",47.975,-101.317,0,"Amellaid",14.35,-120.144,0,"柴山犬吉",-28.936,-103.57,0,0,0,0,0,0,"",0,0,0,0,6126.396,,,,0,0
176,9,1,1,4,2,2,0,0,0,0,255,255,255,90,6140.753,"あいくんだよー『아이 군』",R,6,74,117,1.736,1.334,0.025,1.535,0.221,2.46,-36.473,15.355,56,44,0,1,0,319.098,0,0,0,0,0,2,1,L,"Pring__",190,92.818,0.485,0,66,W,Y,0,0,0,0,0,0,0,0,0,0,0,0,0,0,0,0,-0.06,-37.66,0,"눈꽃",-0.17,-18.439,0,"레이나2",-20.424,-48.152,0,"YukihiroD",-9.877,-65.356,0,"甲斐野柊太",21.574,-47.864,0,"coder_",15.09,-69.862,0,"Azuner",48.173,-101.159,0,"Amellaid",14.308,-120.213,0,"柴山犬吉",-31.464,-101.71,0,0,0,0,0,0,"",0,0,0,0,6141.896,,,,0,0
177,9,1,1,4,3,2,0,0,0,0,255,255,255,91,6155.418,"あいくんだよー『아이 군』",R,3,77,120,-0.06,-0.089,0.426,1.714,0.473,1.548,-36.473,34.732,50,50,0,2,0,-315.274,0,0,0,0,0,2,1,L,"Pring__",190,92.818,0.485,3,66,W,Y,6156.336,198,161,93,127,74,145,123,25.348,-27.832,0.74,0,0.652,139.93,238.719,-79.384,-0.201,-36.996,0,"눈꽃",-0.189,-18.35,0,"레이나2",-20.462,-47.609,0,"YukihiroD",-9.896,-65.369,0,"甲斐野柊太",21.615,-48.181,0,"coder_",11.665,-65.875,92,"Azuner",47.77,-101.144,101,"Amellaid",14.513,-122.45,0,"柴山犬吉",-32.504,-102.075,0,6160.752,46.035,-119.13,6161.152,6,"Azuner",44.551,-115.431,0,0,,,,,13,1
178,9,1,1,4,0,0,1,0,0,0,255,255,255,92,6185.775,"あいくんだよー『아이 군』",R,10,79,119,2.777,-0.352,0.227,1.596,1.214,1.853,-36.473,18.435,54,46,0,2,0,-6.88,400,0,0,0,1,3,4,R,"Pugeuk",190,84,0.297,3,66,W,Y,6186.932,162,41,118,46,18,145,89,-48.2,-43.451,-0.87,0,0.701,-211.234,-82.86,91.844,0.02,-37.475,0,"눈꽃",-0.036,-18.093,0,"레이나2",-20.39,-47.096,0,"YukihiroD",-14.612,-61.261,0,"甲斐野柊太",18.995,-50.033,101,"coder_",8.963,-66.751,0,"Azuner",26.744,-102.07,0,"Amellaid",-15.191,-118.564,0,"柴山犬吉",-50.397,-93.198,0,6186.663,1.196,-20.953,6189.474,3,"magimari",24.077,-45.008,0,8,,,,,138,2
179,9,1,1,4,0,0,2,0,0,0,255,255,255,93,6213.32,"あいくんだよー『아이 군』",R,10,79,119,-0.496,-0.37,0.239,1.852,-0.223,1.89,-36.473,19.648,97,3,0,0,0,0,400,0,0,0,0,4,6,L,"alcohol500",171.9,89.678,0.4,0,66,W,Y,0,0,0,0,0,0,0,0,0,0,0,0,0,0,0,0,0.175,-37.68,0,"눈꽃",-0.185,-18.407,0,"레이나2",-20.392,-47.291,0,"YukihiroD",-8.923,-65.803,0,"甲斐野柊太",20.57,-47.43,0,"coder_",14.337,-64.625,0,"Azuner",44.841,-95.565,0,"Amellaid",7.744,-111.946,0,"柴山犬吉",-31.654,-97.068,0,0,0,0,0,0,"",0,0,0,0,6214.152,,,,0,0
180,9,1,1,4,0,1,2,0,0,0,255,255,255,94,6228.28,"あいくんだよー『아이 군』",R,10,77,120,1.862,-0.249,0.049,1.364,0.905,1.831,-36.473,21.837,43,57,0,1,0,-58.659,286.951,0,0,0,0,4,6,L,"alcohol500",171.9,89.678,0.4,0,66,W,Y,0,0,0,0,0,0,0,0,0,0,0,0,0,0,0,0,0.033,-37.628,0,"눈꽃",-0.116,-18.399,0,"레이나2",-19.976,-47.058,0,"YukihiroD",-8.73,-65.771,0,"甲斐野柊太",20.609,-47.375,0,"coder_",14.802,-66.321,0,"Azuner",44.398,-95.065,0,"Amellaid",7.735,-111.926,0,"柴山犬吉",-31.624,-97.127,0,0,0,0,0,0,"",0,0,0,0,6229.063,,,,0,0
181,9,1,1,4,1,1,2,0,0,0,255,255,255,95,6241.892,"あいくんだよー『아이 군』",R,13,71,112,0.386,-0.423,0.045,1.515,0.504,1.927,-36.473,15.264,46,54,0,2,0,-189.965,400,0,0,0,1,4,6,L,"alcohol500",171.9,89.678,0.4,3,66,W,Y,6242.917,98,94,30,91,81,86,70,-30,-44.573,0.9,0.048,0.276,57.684,426.577,-413.148,0.231,-37.498,0,"눈꽃",-0.11,-18.228,0,"레이나2",-19.913,-46.97,0,"YukihiroD",-8.58,-65.727,0,"甲斐野柊太",20.58,-48.232,99,"coder_",12.62,-64.263,0,"Azuner",44.094,-94.895,0,"Amellaid",7.755,-111.99,0,"柴山犬吉",-31.736,-97.021,0,6242.53,1.409,-22.475,6244.896,4,"甲斐野柊太",19.862,-40.913,1,0,,,,,138,2
182,9,1,1,4,0,0,2,1,0,0,6,255,255,96,6270.048,"あいくんだよー『아이 군』",R,13,73,115,0.744,-1.742,0.145,1.435,0.781,0.954,-36.473,20.706,45,55,0,2,0,-296.759,220.235,0,0,0,0,5,3,R,"magimari",160,85,0.351,3,66,W,Y,6271.255,209,171,88,96,58,145,122,-5.002,9.75,0.3,0,0.543,-412.164,427.691,84.86,0.029,-37.604,0,"눈꽃",-0.08,-18.123,0,"레이나2",-20.428,-46.805,0,"YukihiroD",-14.459,-61.105,86,"甲斐野柊太",16.408,-44.637,0,"coder_",7.54,-63.735,0,"Azuner",23.501,-99.282,0,"Amellaid",-11.517,-106.444,0,"柴山犬吉",-40.003,-81.484,0,6270.941,-0.416,-23.139,6272.574,3,"YukihiroD",-7.391,-61.123,0,0,,6276.458,,,160,2
